xof 0303txt 0032
template ColorRGBA {
 <35ff44e0-6c7c-11cf-8f52-0040333594a3>
 FLOAT red;
 FLOAT green;
 FLOAT blue;
 FLOAT alpha;
}

template ColorRGB {
 <d3e16e81-7835-11cf-8f52-0040333594a3>
 FLOAT red;
 FLOAT green;
 FLOAT blue;
}

template Material {
 <3d82ab4d-62da-11cf-ab39-0020af71e433>
 ColorRGBA faceColor;
 FLOAT power;
 ColorRGB specularColor;
 ColorRGB emissiveColor;
 [...]
}

template TextureFilename {
 <a42790e1-7810-11cf-8f52-0040333594a3>
 STRING filename;
}

template Frame {
 <3d82ab46-62da-11cf-ab39-0020af71e433>
 [...]
}

template Matrix4x4 {
 <f6f23f45-7686-11cf-8f52-0040333594a3>
 array FLOAT matrix[16];
}

template FrameTransformMatrix {
 <f6f23f41-7686-11cf-8f52-0040333594a3>
 Matrix4x4 frameMatrix;
}

template Vector {
 <3d82ab5e-62da-11cf-ab39-0020af71e433>
 FLOAT x;
 FLOAT y;
 FLOAT z;
}

template MeshFace {
 <3d82ab5f-62da-11cf-ab39-0020af71e433>
 DWORD nFaceVertexIndices;
 array DWORD faceVertexIndices[nFaceVertexIndices];
}

template Mesh {
 <3d82ab44-62da-11cf-ab39-0020af71e433>
 DWORD nVertices;
 array Vector vertices[nVertices];
 DWORD nFaces;
 array MeshFace faces[nFaces];
 [...]
}

template MeshMaterialList {
 <f6f23f42-7686-11cf-8f52-0040333594a3>
 DWORD nMaterials;
 DWORD nFaceIndexes;
 array DWORD faceIndexes[nFaceIndexes];
 [Material <3d82ab4d-62da-11cf-ab39-0020af71e433>]
}

template VertexElement {
 <f752461c-1e23-48f6-b9f8-8350850f336f>
 DWORD Type;
 DWORD Method;
 DWORD Usage;
 DWORD UsageIndex;
}

template DeclData {
 <bf22e553-292c-4781-9fea-62bd554bdd93>
 DWORD nElements;
 array VertexElement Elements[nElements];
 DWORD nDWords;
 array DWORD data[nDWords];
}

template XSkinMeshHeader {
 <3cf169ce-ff7c-44ab-93c0-f78f62d172e2>
 WORD nMaxSkinWeightsPerVertex;
 WORD nMaxSkinWeightsPerFace;
 WORD nBones;
}

template SkinWeights {
 <6f0d123b-bad2-4167-a0d0-80224f25fabb>
 STRING transformNodeName;
 DWORD nWeights;
 array DWORD vertexIndices[nWeights];
 array FLOAT weights[nWeights];
 Matrix4x4 matrixOffset;
}

template AnimTicksPerSecond {
 <9e415a43-7ba6-4a73-8743-b73d47e88476>
 DWORD AnimTicksPerSecond;
}

template Animation {
 <3d82ab4f-62da-11cf-ab39-0020af71e433>
 [...]
}

template AnimationSet {
 <3d82ab50-62da-11cf-ab39-0020af71e433>
 [Animation <3d82ab4f-62da-11cf-ab39-0020af71e433>]
}

template FloatKeys {
 <10dd46a9-775b-11cf-8f52-0040333594a3>
 DWORD nValues;
 array FLOAT values[nValues];
}

template TimedFloatKeys {
 <f406b180-7b3b-11cf-8f52-0040333594a3>
 DWORD time;
 FloatKeys tfkeys;
}

template AnimationKey {
 <10dd46a8-775b-11cf-8f52-0040333594a3>
 DWORD keyType;
 DWORD nKeys;
 array TimedFloatKeys keys[nKeys];
}


Material Material__2 {
 1.000000;1.000000;1.000000;1.000000;;
 10.000000;
 0.000000;0.000000;0.000000;;
 0.000000;0.000000;0.000000;;

 TextureFilename {
  "AssassinHands_Dif.tga";
 }
}

Frame Root {
 

 FrameTransformMatrix {
  1.000000,0.000000,0.000002,0.000000,0.000000,1.000000,0.000000,0.000000,-0.000002,0.000000,1.000000,0.000000,0.000000,0.000000,0.000001,1.000000;;
 }

 Frame Spine3 {
  

  FrameTransformMatrix {
   -0.117118,0.993118,-0.000001,0.000000,0.000000,0.000001,1.000000,0.000000,0.993118,0.117118,-0.000000,0.000000,-0.978017,123.229158,-0.000002,1.000000;;
  }

  Frame Neck {
   

   FrameTransformMatrix {
    0.942802,0.000001,0.333354,0.000000,-0.000002,1.000000,0.000002,0.000000,-0.333354,-0.000003,0.942802,0.000000,19.939720,0.000007,0.878037,1.000000;;
   }

   Frame Head {
    

    FrameTransformMatrix {
     0.975356,-0.000001,-0.220640,0.000000,0.000002,1.000000,0.000001,0.000000,0.220640,-0.000001,0.975356,0.000000,9.507126,-0.000001,0.000004,1.000000;;
    }
   }

   Frame Camera {
    

    FrameTransformMatrix {
     0.220640,0.000001,0.975355,0.000000,0.975355,0.000000,-0.220641,0.000000,-0.000000,1.000000,-0.000000,0.000000,16.719619,2.156985,-32.625322,1.000000;;
    }
   }
  }

  Frame L_Clav {
   

   FrameTransformMatrix {
    -0.038499,0.998519,0.038445,0.000000,0.999258,0.038501,0.000686,0.000000,-0.000795,0.038443,-0.999261,0.000000,15.869240,5.183614,-3.220571,1.000000;;
   }

   Frame L_Upperarm {
    

    FrameTransformMatrix {
     0.486921,-0.859181,0.157214,0.000000,0.870619,0.491887,-0.008287,0.000000,-0.070212,0.140909,0.987530,0.000000,15.954398,0.000015,0.000006,1.000000;;
    }

    Frame L_Forearm {
     

     FrameTransformMatrix {
      0.966184,-0.000000,-0.257854,0.000000,0.000000,1.000000,-0.000000,0.000000,0.257854,0.000000,0.966183,0.000000,23.311302,0.000000,-0.000011,1.000000;;
     }

     Frame L_Hand {
      

      FrameTransformMatrix {
       0.891550,-0.445670,0.080729,0.000000,-0.049671,0.080957,0.995480,0.000000,-0.450191,-0.891529,0.050040,0.000000,27.334435,0.000008,-0.000005,1.000000;;
      }

      Frame L_Weapon_Bone {
       

       FrameTransformMatrix {
        1.000000,-0.000001,0.000001,0.000000,0.000001,1.000000,-0.000003,0.000000,-0.000001,0.000003,1.000000,0.000000,7.124718,-0.000144,4.273220,1.000000;;
       }
      }

      Frame L_finger0 {
       

       FrameTransformMatrix {
        0.765424,-0.550070,0.333990,0.000000,0.584737,0.377776,-0.717891,0.000000,0.268718,0.744787,0.610806,0.000000,1.488159,-3.837357,0.905659,1.000000;;
       }

       Frame L_finger01 {
        

        FrameTransformMatrix {
         0.974032,0.088017,0.208601,0.000000,-0.031851,0.965449,-0.258639,0.000000,-0.224159,0.245279,0.943181,0.000000,3.329353,0.000002,0.000000,1.000000;;
        }

        Frame L_finger02 {
         

         FrameTransformMatrix {
          0.999627,0.000001,0.027321,0.000000,-0.000001,1.000000,0.000000,0.000000,-0.027321,-0.000000,0.999627,0.000000,3.806671,-0.000011,0.000004,1.000000;;
         }
        }
       }
      }

      Frame L_finger1 {
       

       FrameTransformMatrix {
        0.998054,-0.062354,-0.000050,0.000000,0.062354,0.998054,0.000795,0.000000,-0.000000,-0.000797,1.000000,0.000000,9.064385,-4.019940,0.028000,1.000000;;
       }

       Frame L_finger11 {
        

        FrameTransformMatrix {
         0.997002,0.000000,0.077385,0.000000,-0.000000,1.000000,-0.000000,0.000000,-0.077385,0.000000,0.997001,0.000000,4.441933,0.000000,0.000000,1.000000;;
        }

        Frame L_finger12 {
         

         FrameTransformMatrix {
          0.990937,-0.000000,0.134326,0.000000,0.000000,1.000000,0.000000,0.000000,-0.134326,-0.000000,0.990937,0.000000,2.988937,0.000000,-0.000004,1.000000;;
         }
        }
       }
      }

      Frame L_finger2 {
       

       FrameTransformMatrix {
        0.999878,0.015215,0.003772,0.000000,-0.015218,0.999884,0.000739,0.000000,-0.003760,-0.000796,0.999993,0.000000,8.795479,-1.140208,-0.332142,1.000000;;
       }

       Frame L_finger21 {
        

        FrameTransformMatrix {
         0.986651,0.000000,0.162846,0.000000,-0.000000,1.000000,-0.000000,0.000000,-0.162846,0.000000,0.986651,0.000000,4.804794,-0.000000,0.000000,1.000000;;
        }

        Frame L_finger22 {
         

         FrameTransformMatrix {
          0.972901,0.000000,0.231222,0.000000,-0.000000,1.000000,0.000000,0.000000,-0.231222,-0.000000,0.972901,0.000000,3.487106,0.000000,0.000000,1.000000;;
         }
        }
       }
      }

      Frame L_finger3 {
       

       FrameTransformMatrix {
        0.989208,0.145761,0.014858,0.000000,-0.145789,0.989315,0.000790,0.000000,-0.014584,-0.002948,0.999890,0.000000,8.757218,1.234823,-0.233921,1.000000;;
       }

       Frame L_finger31 {
        

        FrameTransformMatrix {
         0.972901,0.000000,0.231222,0.000000,0.000000,1.000000,-0.000002,0.000000,-0.231222,0.000002,0.972901,0.000000,4.218392,0.000001,0.000008,1.000000;;
        }

        Frame L_finger32 {
         

         FrameTransformMatrix {
          0.984969,0.000000,0.172733,0.000000,-0.000000,1.000000,-0.000000,0.000000,-0.172733,0.000000,0.984969,0.000000,2.988953,-0.000001,-0.000006,1.000000;;
         }
        }
       }
      }

      Frame L_finger4 {
       

       FrameTransformMatrix {
        0.943588,0.275607,0.183529,0.000000,-0.325519,0.873630,0.361673,0.000000,-0.060657,-0.401012,0.914062,0.000000,8.607056,3.745329,0.457535,1.000000;;
       }

       Frame L_finger41 {
        

        FrameTransformMatrix {
         0.972901,0.000001,0.231222,0.000000,-0.000001,1.000000,-0.000001,0.000000,-0.231222,0.000001,0.972901,0.000000,3.489532,-0.000001,0.000008,1.000000;;
        }

        Frame L_finger42 {
         

         FrameTransformMatrix {
          0.991817,0.000000,0.127670,0.000000,-0.000000,1.000000,0.000001,0.000000,-0.127669,-0.000000,0.991817,0.000000,1.549324,0.000001,-0.000008,1.000000;;
         }
        }
       }
      }
     }

     Frame L_Forearm_Twist {
      

      FrameTransformMatrix {
       1.000000,0.000000,0.000000,0.000000,0.000000,0.998537,-0.054071,0.000000,-0.000000,0.054071,0.998538,0.000000,13.667229,-0.000015,-0.000001,1.000000;;
      }
     }
    }
   }
  }

  Frame R_Clav {
   

   FrameTransformMatrix {
    -0.038497,-0.998519,0.038445,0.000000,-0.999258,0.038499,-0.000686,0.000000,-0.000795,-0.038443,-0.999261,0.000000,15.869240,-5.183590,-3.220573,1.000000;;
   }

   Frame R_Upperarm {
    

    FrameTransformMatrix {
     0.486921,0.859180,0.157214,0.000000,-0.870619,0.491888,0.008287,0.000000,-0.070211,-0.140909,0.987530,0.000000,15.954405,-0.000031,0.000000,1.000000;;
    }

    Frame R_Forearm {
     

     FrameTransformMatrix {
      0.966184,0.000000,-0.257855,0.000000,-0.000000,1.000000,-0.000000,0.000000,0.257854,0.000000,0.966184,0.000000,23.311333,0.000015,-0.000008,1.000000;;
     }

     Frame R_Hand {
      

      FrameTransformMatrix {
       0.891550,0.445670,0.080730,0.000000,0.049672,0.080956,-0.995479,0.000000,-0.450191,0.891529,0.050039,0.000000,27.334432,0.000000,0.000000,1.000000;;
      }

      Frame R_Weapon_Bone {
       

       FrameTransformMatrix {
        1.000000,-0.000000,0.000000,0.000000,0.000000,1.000000,0.000000,0.000000,0.000000,-0.000000,1.000000,0.000000,7.124726,0.000021,4.273224,1.000000;;
       }
      }

      Frame R_finger0 {
       

       FrameTransformMatrix {
        0.765423,0.550071,0.333990,0.000000,-0.584738,0.377776,0.717891,0.000000,0.268717,-0.744787,0.610806,0.000000,1.488159,3.837359,0.905655,1.000000;;
       }

       Frame R_finger01 {
        

        FrameTransformMatrix {
         0.974032,-0.088018,0.208601,0.000000,0.031852,0.965449,0.258640,0.000000,-0.224159,-0.245280,0.943181,0.000000,3.329361,0.000004,-0.000004,1.000000;;
        }

        Frame R_finger02 {
         

         FrameTransformMatrix {
          0.999627,-0.000000,0.027320,0.000000,0.000000,1.000000,-0.000001,0.000000,-0.027320,0.000001,0.999627,0.000000,3.806679,0.000011,0.000008,1.000000;;
         }
        }
       }
      }

      Frame R_finger1 {
       

       FrameTransformMatrix {
        0.998054,0.062354,-0.000050,0.000000,-0.062354,0.998054,-0.000795,0.000000,0.000000,0.000796,1.000000,0.000000,9.064392,4.019948,0.027996,1.000000;;
       }

       Frame R_finger11 {
        

        FrameTransformMatrix {
         0.997001,-0.000000,0.077386,0.000000,0.000000,1.000000,-0.000000,0.000000,-0.077386,0.000000,0.997001,0.000000,4.441925,0.000002,0.000004,1.000000;;
        }

        Frame R_finger12 {
         

         FrameTransformMatrix {
          0.990937,0.000000,0.134326,0.000000,-0.000000,1.000000,-0.000000,0.000000,-0.134326,0.000000,0.990937,0.000000,2.988937,0.000003,0.000000,1.000000;;
         }
        }
       }
      }

      Frame R_finger2 {
       

       FrameTransformMatrix {
        0.999877,-0.015215,0.003772,0.000000,0.015218,0.999884,-0.000739,0.000000,-0.003760,0.000796,0.999993,0.000000,8.795479,1.140213,-0.332138,1.000000;;
       }

       Frame R_finger21 {
        

        FrameTransformMatrix {
         0.986651,0.000000,0.162846,0.000000,-0.000000,1.000000,-0.000000,0.000000,-0.162846,0.000000,0.986651,0.000000,4.804779,0.000000,-0.000004,1.000000;;
        }

        Frame R_finger22 {
         

         FrameTransformMatrix {
          0.972901,-0.000000,0.231222,0.000000,0.000000,1.000000,0.000000,0.000000,-0.231222,-0.000001,0.972901,0.000000,3.487106,0.000003,0.000004,1.000000;;
         }
        }
       }
      }

      Frame R_finger3 {
       

       FrameTransformMatrix {
        0.989208,-0.145761,0.014858,0.000000,0.145789,0.989316,-0.000787,0.000000,-0.014584,0.002945,0.999889,0.000000,8.757218,-1.234819,-0.233921,1.000000;;
       }

       Frame R_finger31 {
        

        FrameTransformMatrix {
         0.972901,0.000000,0.231222,0.000000,-0.000000,1.000000,-0.000000,0.000000,-0.231222,0.000000,0.972901,0.000000,4.218414,0.000000,0.000004,1.000000;;
        }

        Frame R_finger32 {
         

         FrameTransformMatrix {
          0.984969,-0.000000,0.172734,0.000000,0.000000,1.000000,-0.000000,0.000000,-0.172734,0.000000,0.984969,0.000000,2.988945,-0.000001,0.000000,1.000000;;
         }
        }
       }
      }

      Frame R_finger4 {
       

       FrameTransformMatrix {
        0.943588,-0.275607,0.183530,0.000000,0.325520,0.873631,-0.361672,0.000000,-0.060658,0.401012,0.914063,0.000000,8.607056,-3.745328,0.457531,1.000000;;
       }

       Frame R_finger41 {
        

        FrameTransformMatrix {
         0.972901,0.000000,0.231222,0.000000,-0.000000,1.000000,-0.000000,0.000000,-0.231222,-0.000000,0.972901,0.000000,3.489532,0.000001,-0.000008,1.000000;;
        }

        Frame R_finger42 {
         

         FrameTransformMatrix {
          0.991817,-0.000001,0.127670,0.000000,0.000001,1.000000,-0.000000,0.000000,-0.127670,0.000000,0.991817,0.000000,1.549316,-0.000001,0.000004,1.000000;;
         }
        }
       }
      }
     }

     Frame R_Forearm_Twist {
      

      FrameTransformMatrix {
       1.000000,0.000001,0.000000,0.000000,-0.000001,0.998537,0.054071,0.000000,0.000000,-0.054071,0.998537,0.000000,13.667221,0.000015,0.000001,1.000000;;
      }
     }
    }
   }
  }
 }
}

Frame Hands_Assassin {
 

 FrameTransformMatrix {
  1.000000,0.000000,0.000000,0.000000,0.000000,1.000000,0.000000,0.000000,0.000000,0.000000,1.000000,0.000000,0.000000,0.000000,0.000000,1.000000;;
 }

 Mesh Hands_Assassin {
  3170;
  -2.529662;98.230285;-44.516736;,
  -2.890748;98.311174;-43.888173;,
  -2.306887;98.554931;-44.568822;,
  4.827288;80.515725;-43.397056;,
  4.219380;80.593734;-43.948880;,
  4.578188;80.275750;-44.210349;,
  4.554508;80.870298;-43.266957;,
  4.554508;80.870298;-43.266957;,
  4.115120;80.987398;-44.005811;,
  4.987015;79.997382;-43.318774;,
  4.764985;79.695226;-44.117878;,
  5.380213;80.694746;-43.179034;,
  5.380213;80.694746;-43.179034;,
  4.554508;80.870298;-43.266957;,
  4.827288;80.515725;-43.397056;,
  5.311198;81.065459;-43.004733;,
  5.843788;81.126099;-43.038333;,
  5.849759;80.812525;-43.196694;,
  5.543142;80.187187;-43.100464;,
  5.434427;78.433357;-43.081670;,
  5.434427;78.433357;-43.081670;,
  5.235738;78.139014;-43.838586;,
  5.398537;77.603488;-43.739792;,
  5.591233;77.920211;-42.979149;,
  6.224517;81.511584;-43.284467;,
  5.750576;81.482406;-43.027664;,
  6.309657;81.131494;-43.280854;,
  6.259714;80.876979;-43.409453;,
  5.991110;80.258202;-43.117898;,
  5.954802;78.656179;-42.842195;,
  6.102096;78.115443;-42.740349;,
  6.949541;75.202176;-42.497107;,
  6.284687;75.608352;-42.483664;,
  6.572824;75.084787;-42.568010;,
  6.700180;75.783270;-42.265946;,
  6.939182;75.842010;-42.267971;,
  6.939182;75.842010;-42.267971;,
  6.249390;77.574701;-42.638506;,
  6.700180;75.783270;-42.265946;,
  6.563897;77.650259;-42.629712;,
  6.444012;78.188653;-42.735376;,
  6.324326;78.727142;-42.841210;,
  5.748038;77.407085;-42.876640;,
  7.173255;75.253478;-42.516406;,
  7.172078;75.886182;-42.361366;,
  6.860400;77.684083;-42.744102;,
  6.761852;78.216845;-42.867782;,
  6.663303;78.749613;-42.991453;,
  6.385113;80.271514;-43.317286;,
  7.376287;75.287917;-42.607139;,
  6.928821;74.883872;-42.942000;,
  7.170725;74.898611;-42.968688;,
  7.376195;74.970445;-43.015344;,
  5.563520;77.071546;-43.630723;,
  6.125424;75.558637;-43.238349;,
  6.474702;74.906701;-43.050957;,
  6.572824;75.084787;-42.568010;,
  3.408618;73.375302;-43.135130;,
  3.832292;73.714714;-42.566982;,
  3.291812;73.594566;-42.575856;,
  3.837109;76.427795;-44.182643;,
  4.056886;75.209760;-43.043856;,
  3.954643;74.931437;-43.632282;,
  4.041766;74.081376;-42.684522;,
  3.977844;73.804314;-43.173696;,
  3.853588;73.557421;-42.923664;,
  3.347809;73.568192;-43.365232;,
  3.224677;74.729933;-43.886256;,
  2.580464;74.700851;-43.688246;,
  2.642822;80.063309;-45.582982;,
  1.919928;79.474406;-45.259162;,
  1.844238;80.025389;-45.389472;,
  2.717146;79.514010;-45.450150;,
  3.490776;80.203142;-45.218048;,
  3.551468;79.650163;-45.091171;,
  2.965832;77.143194;-44.744950;,
  3.761894;77.278970;-44.423267;,
  3.010398;76.718208;-44.618522;,
  3.799660;76.853370;-44.303376;,
  3.054102;76.293146;-44.491290;,
  2.251750;77.099328;-44.554883;,
  2.311206;76.673728;-44.428656;,
  2.370392;76.248192;-44.301290;,
  2.289479;75.011533;-43.139530;,
  2.001377;76.521760;-43.695232;,
  1.936547;76.944237;-43.824195;,
  1.871818;77.366880;-43.951837;,
  1.538410;79.543898;-44.609155;,
  1.458564;80.094483;-44.730835;,
  1.353292;80.858266;-44.854560;,
  0.710764;83.843718;-45.151792;,
  1.428695;82.866701;-45.872992;,
  0.969182;83.051878;-45.111229;,
  1.210098;81.923110;-44.997709;,
  1.645248;81.938387;-45.768000;,
  1.756469;80.810714;-45.551914;,
  2.543611;80.860083;-45.737485;,
  3.388675;81.012544;-45.374688;,
  3.686795;80.425952;-44.472358;,
  3.611982;81.165677;-44.578778;,
  3.229618;82.188275;-45.578646;,
  2.402544;82.047898;-45.937443;,
  2.339529;82.762406;-46.024800;,
  2.339529;82.762406;-46.024800;,
  3.229618;82.188275;-45.578646;,
  2.402544;82.047898;-45.937443;,
  3.156534;83.090957;-45.692192;,
  3.535090;81.913178;-44.670467;,
  3.302290;83.884934;-44.502646;,
  3.176381;83.968038;-45.815766;,
  3.215866;84.719053;-45.840234;,
  4.219380;80.593734;-43.948880;,
  4.421401;80.452544;-44.799744;,
  4.578188;80.275750;-44.210349;,
  4.311545;80.874470;-44.854086;,
  4.115120;80.987398;-44.005811;,
  3.500343;83.308627;-44.341562;,
  3.663776;83.362445;-45.174573;,
  3.514202;83.992166;-45.433120;,
  4.136568;83.473984;-45.555142;,
  3.951438;84.106682;-45.759974;,
  3.688194;84.837408;-46.051811;,
  4.862428;80.919744;-45.266320;,
  3.749127;86.161715;-46.296576;,
  3.223331;85.943750;-46.478134;,
  4.227605;84.966790;-46.106262;,
  4.429587;84.244416;-45.843494;,
  4.598081;83.557504;-45.670394;,
  5.351063;81.029434;-45.366730;,
  4.985527;80.486586;-45.217354;,
  5.108452;80.261274;-44.971418;,
  4.764985;79.695226;-44.117878;,
  5.478767;80.600736;-45.315302;,
  5.278876;79.660064;-44.819997;,
  5.235738;78.139014;-43.838586;,
  5.570769;80.326285;-45.047283;,
  5.991992;80.505037;-44.949136;,
  6.560744;80.853850;-43.898797;,
  6.622300;80.965158;-44.649200;,
  6.721690;81.081133;-43.903306;,
  6.539654;80.747354;-44.479165;,
  6.677012;80.108480;-44.370982;,
  6.152852;79.868307;-44.815958;,
  5.705678;79.735085;-44.929398;,
  5.687351;78.064621;-44.398442;,
  6.113017;78.145728;-44.512451;,
  5.878537;77.541107;-44.256874;,
  6.553628;78.303712;-44.413875;,
  7.040729;78.564909;-44.023008;,
  6.288299;77.620173;-44.361859;,
  7.163035;78.033824;-43.893853;,
  6.702691;77.772659;-44.270576;,
  6.842102;77.241882;-44.102854;,
  6.448442;77.095846;-44.202918;,
  6.905876;75.589235;-43.710224;,
  6.593769;75.516122;-43.660147;,
  6.050716;77.020250;-44.114819;,
  5.398537;77.603488;-43.739792;,
  5.563520;77.071546;-43.630723;,
  6.125424;75.558637;-43.238349;,
  6.831525;74.826355;-43.339341;,
  7.085066;74.873286;-43.369370;,
  7.326183;74.974157;-43.283805;,
  6.474702;74.906701;-43.050957;,
  6.928821;74.883872;-42.942000;,
  7.170725;74.898611;-42.968688;,
  7.376195;74.970445;-43.015344;,
  7.520762;75.104422;-43.081923;,
  7.558242;75.308934;-42.804131;,
  7.548724;75.845536;-43.169258;,
  7.445174;75.951002;-42.586448;,
  7.271455;77.504378;-43.720186;,
  7.195525;77.641184;-43.082022;,
  7.091444;78.190848;-43.248528;,
  7.376287;75.287917;-42.607139;,
  7.172078;75.886182;-42.361366;,
  6.860400;77.684083;-42.744102;,
  6.761852;78.216845;-42.867782;,
  6.663303;78.749613;-42.991453;,
  6.987362;78.740518;-43.415037;,
  6.385113;80.271514;-43.317286;,
  6.679067;80.230355;-43.780707;,
  6.259714;80.876979;-43.409453;,
  6.309657;81.131494;-43.280854;,
  6.224517;81.511584;-43.284467;,
  5.690334;84.522662;-45.162099;,
  5.890732;85.221626;-44.478883;,
  5.892412;84.401843;-44.284163;,
  5.993755;83.921510;-44.203782;,
  5.892721;84.290342;-43.721360;,
  5.951672;83.873914;-43.693734;,
  5.681070;84.156243;-43.293715;,
  5.722480;83.752813;-43.305786;,
  6.616140;81.492986;-43.946874;,
  5.961910;80.749421;-45.198342;,
  6.504412;81.379744;-44.708995;,
  6.616140;81.492986;-43.946874;,
  5.993755;83.921510;-44.203782;,
  5.951672;83.873914;-43.693734;,
  5.809280;83.824410;-45.061626;,
  5.831881;81.169030;-45.255104;,
  5.190446;83.673811;-45.500918;,
  4.979001;84.386221;-45.674928;,
  4.808350;85.137094;-45.897213;,
  5.590819;85.270035;-45.336288;,
  5.382943;86.583693;-45.516669;,
  4.450380;86.425581;-46.174950;,
  5.112551;87.970822;-45.625514;,
  4.087671;87.613344;-46.331098;,
  3.324507;87.377760;-46.546547;,
  3.399824;89.897062;-46.437389;,
  4.665756;89.226534;-45.713120;,
  3.764860;88.685107;-46.380982;,
  2.936512;88.294464;-46.625939;,
  2.700273;87.123091;-46.630150;,
  3.990228;92.063174;-45.410874;,
  2.847017;91.699738;-46.291130;,
  2.355861;89.666381;-46.744739;,
  2.104007;88.121203;-46.731286;,
  1.718879;87.224179;-46.924854;,
  1.282105;89.496992;-46.870688;,
  1.844730;91.489670;-46.587962;,
  3.102173;94.422074;-45.278026;,
  2.463710;94.716723;-45.106922;,
  3.072308;94.739757;-44.484714;,
  1.936599;94.193114;-46.186806;,
  1.744657;94.519712;-45.538704;,
  1.003936;96.055565;-45.509555;,
  1.985845;96.190349;-45.041462;,
  2.487824;96.131418;-44.296650;,
  2.834181;95.998483;-43.563107;,
  3.325619;94.594573;-43.827091;,
  -1.089609;95.655507;-45.417085;,
  -1.149686;93.827558;-45.449622;,
  -1.661339;95.829638;-45.200093;,
  -0.545526;94.053882;-45.679520;,
  -0.411747;95.743968;-45.519594;,
  0.101444;94.107469;-45.785178;,
  0.266751;95.882554;-45.544064;,
  0.853982;94.251040;-45.749869;,
  1.077286;93.996550;-46.411514;,
  0.906407;91.330778;-46.670394;,
  -0.629903;93.755674;-46.548323;,
  0.093214;93.896288;-46.523648;,
  0.243801;93.805542;-46.346672;,
  0.417289;93.829798;-46.533408;,
  -0.483811;92.714419;-46.613594;,
  -1.396742;93.466035;-46.203331;,
  0.671940;91.286195;-46.716218;,
  0.638490;86.887072;-46.961706;,
  1.076544;89.460205;-46.822400;,
  1.443932;87.194842;-46.937901;,
  -0.039203;89.390061;-46.841741;,
  -0.257390;91.100614;-46.714765;,
  -1.356233;92.560998;-46.277587;,
  -2.215578;93.278842;-45.531731;,
  -2.190904;90.942656;-45.774086;,
  -1.285667;90.984512;-46.406938;,
  -2.106715;92.456909;-45.608237;,
  -2.600309;93.105594;-44.722419;,
  -2.536055;92.378861;-44.771699;,
  -2.708332;90.920518;-44.896922;,
  -2.705919;89.354720;-45.007309;,
  -2.101517;89.295366;-45.999046;,
  -1.150053;89.303744;-46.553434;,
  -0.166231;86.930586;-46.897702;,
  -0.942909;87.123155;-46.564442;,
  -1.792868;87.301222;-46.148502;,
  -2.557717;87.276166;-45.035654;,
  -2.788445;87.293882;-43.762365;,
  -2.903434;89.474944;-43.707846;,
  -2.416441;85.666374;-43.957267;,
  -1.674927;84.483354;-45.864400;,
  -2.401156;85.849843;-45.019760;,
  -1.726538;85.892333;-46.053360;,
  -0.839783;85.803040;-46.465011;,
  -0.795563;84.487296;-46.313712;,
  -0.130641;85.760134;-46.658704;,
  -2.178718;84.432685;-44.957114;,
  -2.048490;83.949126;-44.170928;,
  -2.068608;83.910426;-44.934608;,
  -1.602066;83.898803;-45.796045;,
  -0.815333;83.969971;-46.225190;,
  -0.213871;84.415558;-46.404915;,
  0.481572;85.644704;-46.573373;,
  -1.648466;83.433088;-45.716730;,
  -2.080132;83.533786;-44.878150;,
  -0.809033;83.406944;-46.125027;,
  -0.212693;83.922061;-46.304963;,
  0.327679;84.407430;-46.235869;,
  0.317997;83.943616;-46.102810;,
  -0.798319;82.446746;-46.082163;,
  -1.623362;82.452307;-45.621312;,
  -0.213456;83.407053;-46.156173;,
  0.280513;83.454528;-45.927680;,
  -0.186224;82.428442;-46.040698;,
  -0.805979;80.969901;-45.953773;,
  -1.697083;81.043386;-45.479046;,
  -2.020815;82.504762;-44.739382;,
  -1.842743;80.644806;-44.468026;,
  -1.559166;80.875258;-45.331754;,
  -1.548476;80.542752;-45.219056;,
  -1.871266;80.997088;-44.554570;,
  -2.068530;81.166182;-44.573590;,
  -1.873444;82.531738;-43.975581;,
  -2.031809;83.614758;-44.131357;,
  -1.539748;79.012794;-44.748227;,
  -1.830988;80.136192;-44.332858;,
  -1.555393;80.027366;-45.057802;,
  -1.589429;80.193728;-43.785882;,
  -1.627707;80.697075;-43.845597;,
  -1.657982;81.031942;-43.895837;,
  -1.799199;81.141709;-43.787862;,
  -1.791095;79.192416;-44.115168;,
  -1.507800;79.307994;-43.653997;,
  -1.397780;77.742131;-43.236474;,
  -1.423512;78.077574;-43.326394;,
  -1.686642;77.885638;-43.846925;,
  -1.449246;78.413011;-43.416330;,
  -1.714041;78.214323;-43.916666;,
  -1.503214;78.060941;-44.423907;,
  -0.838223;78.040742;-44.735146;,
  -0.884197;78.994880;-45.051200;,
  -1.489550;77.737946;-44.312576;,
  -0.823204;77.717485;-44.625789;,
  -0.470850;78.048838;-44.744259;,
  -0.452653;79.011565;-45.070512;,
  -0.831487;79.929517;-45.396624;,
  -0.343154;80.499795;-45.568122;,
  -0.031273;80.014707;-45.176650;,
  -0.393677;79.957536;-45.384566;,
  -0.090991;79.045702;-44.902390;,
  -0.163213;78.082150;-44.594144;,
  -0.463012;77.726278;-44.635459;,
  -0.814678;77.398035;-44.490480;,
  -1.456173;77.418707;-44.190864;,
  -0.460788;77.406106;-44.501110;,
  -0.779280;75.593958;-43.671245;,
  -1.235334;75.689901;-43.508752;,
  -0.778082;75.105830;-43.270294;,
  -0.459227;75.593894;-43.688413;,
  -0.165079;77.437478;-44.358208;,
  -0.161615;77.759155;-44.488634;,
  -0.194143;75.658867;-43.586867;,
  -1.043064;75.217146;-43.146707;,
  -1.096295;75.360442;-42.897584;,
  -0.738539;75.108864;-42.947494;,
  -0.495878;75.092448;-43.295344;,
  -0.267346;75.141958;-43.202842;,
  0.015287;75.886490;-43.157693;,
  0.089181;77.544986;-43.794442;,
  -0.175200;75.265792;-42.873062;,
  -0.419912;75.150842;-42.861725;,
  -0.576646;75.109536;-42.888496;,
  0.099482;77.871386;-43.915862;,
  0.098172;78.197203;-44.026310;,
  0.170045;79.107885;-44.331219;,
  0.230083;80.068109;-44.547565;,
  0.300486;80.622067;-44.679085;,
  0.042970;80.542176;-45.319530;,
  0.606037;83.642240;-45.145242;,
  0.309692;82.411424;-45.704144;,
  0.273632;81.062605;-45.548298;,
  -0.209510;81.009408;-45.894400;,
  0.096850;80.883360;-45.394810;,
  -0.307140;80.840467;-45.683398;,
  -0.810580;80.486221;-45.599526;,
  -0.307140;80.840467;-45.683398;,
  -0.810580;80.486221;-45.599526;,
  -0.804565;80.814637;-45.733296;,
  -0.831487;79.929517;-45.396624;,
  3.445008;136.569062;-23.020477;,
  0.499684;130.955507;-27.316525;,
  3.028999;137.462643;-23.917450;,
  1.002424;129.998746;-26.359090;,
  1.518224;139.213107;-25.753318;,
  3.685036;139.081229;-22.660950;,
  4.063079;137.680141;-21.758144;,
  3.378722;135.683059;-22.141029;,
  0.984640;129.235290;-25.213901;,
  2.568421;134.387392;-20.934930;,
  0.538739;128.796518;-24.020659;,
  -0.219909;123.830835;-26.714499;,
  0.229369;124.264154;-27.802166;,
  0.110794;124.933645;-28.891187;,
  -0.613532;125.679437;-29.793654;,
  -1.531747;126.296832;-30.446240;,
  -0.547354;131.683776;-28.373613;,
  -1.543885;122.995558;-32.253885;,
  -1.289941;123.597683;-25.702803;,
  -0.126165;122.534374;-27.345315;,
  0.331002;123.019866;-28.483453;,
  0.212887;123.211392;-29.882822;,
  -0.535629;123.147571;-31.257616;,
  -0.511317;122.357402;-31.714509;,
  -2.080613;121.400806;-33.027722;,
  -0.503609;121.614592;-30.783149;,
  -1.290781;121.588992;-32.095674;,
  0.268099;122.279974;-30.419104;,
  0.412975;122.016243;-29.032960;,
  -0.047616;121.448038;-27.873894;,
  -1.476321;121.535514;-26.620802;,
  -0.335341;121.319501;-29.405962;,
  -1.301628;117.909914;-32.743776;,
  -1.070310;115.196646;-32.898813;,
  -1.096294;115.932506;-33.900992;,
  -1.321865;117.379584;-31.647363;,
  -1.046623;119.320077;-31.945962;,
  -1.006770;118.860966;-30.751795;,
  -0.760214;120.884518;-28.223037;,
  -1.395215;120.640102;-27.022992;,
  -1.623669;120.319859;-27.447686;,
  -1.450539;118.291392;-29.745120;,
  -2.295940;117.884685;-28.969171;,
  -2.480206;116.476915;-30.014371;,
  -1.726104;116.873600;-30.723910;,
  -1.718435;114.676762;-31.892214;,
  -2.638682;114.057382;-31.060573;,
  -2.396696;113.083827;-31.159898;,
  -1.076704;113.064563;-32.445130;,
  -1.666927;112.705050;-30.978995;,
  -0.412115;112.734515;-32.371651;,
  -0.311909;113.659763;-33.826669;,
  -0.456684;111.826534;-32.642224;,
  0.337204;113.483046;-33.921501;,
  -1.798479;111.636006;-31.269171;,
  -1.326322;107.994522;-33.242554;,
  -2.292359;108.436083;-32.427392;,
  -1.905356;116.105958;-35.984090;,
  -1.051038;115.853542;-36.082851;,
  -1.766991;116.408819;-36.324563;,
  -1.278472;115.748672;-35.795981;,
  -1.535312;116.475571;-35.027686;,
  -0.723448;115.106074;-35.347974;,
  -0.370574;114.379443;-34.812125;,
  -0.368099;115.250650;-35.656627;,
  0.232501;114.231296;-34.876970;,
  -0.074237;108.765555;-34.307379;,
  0.450496;112.746022;-34.381331;,
  0.337575;113.495219;-35.177594;,
  -0.164840;114.444326;-36.078896;,
  -0.861403;115.283917;-36.537520;,
  -1.747227;115.919245;-36.816947;,
  -0.912864;114.953882;-36.708442;,
  -0.229120;114.153715;-36.163779;,
  0.283262;113.301389;-35.240733;,
  0.721010;109.729690;-36.035805;,
  0.585000;109.999834;-36.853066;,
  1.081389;105.228333;-38.373536;,
  0.901652;105.748243;-39.694131;,
  -0.386077;110.718810;-38.814826;,
  0.248690;110.382502;-37.907395;,
  0.800983;105.804077;-40.055046;,
  0.734087;105.563584;-39.947629;,
  0.420692;104.431917;-36.736579;,
  1.368955;102.804218;-39.428902;,
  1.162059;104.401734;-39.547728;,
  1.234191;102.816794;-39.728554;,
  1.012400;104.265280;-39.711152;,
  1.223491;103.123373;-40.111920;,
  1.109776;103.392058;-40.560765;,
  1.570502;101.148256;-41.018838;,
  1.518157;100.907411;-40.414080;,
  1.654978;100.904909;-40.183792;,
  1.111168;100.091443;-39.003965;,
  0.743574;102.268768;-37.885491;,
  1.467120;97.862765;-40.096477;,
  2.048600;98.282867;-41.378211;,
  0.583241;99.700326;-38.570176;,
  0.061063;101.739840;-37.265923;,
  -0.436885;103.724378;-35.903619;,
  0.893091;98.174106;-39.506262;,
  0.342244;97.073357;-39.880506;,
  0.547291;95.971053;-40.445786;,
  0.940463;96.195238;-40.897562;,
  3.105643;74.464301;-42.218960;,
  2.768263;73.926157;-42.418941;,
  3.146128;73.991021;-42.268893;,
  3.978624;76.678144;-43.526982;,
  3.688052;75.537491;-42.580333;,
  4.056886;75.209760;-43.043856;,
  3.761506;74.451386;-42.309123;,
  4.041766;74.081376;-42.684522;,
  3.580950;73.894720;-42.320339;,
  3.832292;73.714714;-42.566982;,
  3.291812;73.594566;-42.575856;,
  2.784714;73.684749;-42.563258;,
  2.578505;73.867328;-42.716970;,
  3.533137;76.915610;-42.997494;,
  3.947590;77.099674;-43.638371;,
  2.947949;75.551443;-42.492586;,
  2.584781;74.227219;-42.540189;,
  2.350638;75.346957;-42.842944;,
  2.761611;76.929434;-42.922250;,
  3.478597;77.348026;-43.096301;,
  3.424059;77.780403;-43.195123;,
  3.916112;77.521261;-43.748848;,
  2.001377;76.521760;-43.695232;,
  2.127866;76.789408;-43.273418;,
  2.289479;75.011533;-43.139530;,
  2.010321;77.618310;-43.473466;,
  1.538410;79.543898;-44.609155;,
  1.871818;77.366880;-43.951837;,
  1.660842;80.048250;-44.056931;,
  2.388601;80.103328;-43.686835;,
  2.665956;77.737555;-43.119594;,
  2.713783;77.333504;-43.020925;,
  1.458564;80.094483;-44.730835;,
  1.936547;76.944237;-43.824195;,
  2.069092;77.203872;-43.373446;,
  3.740844;79.868768;-44.363990;,
  3.130576;80.190470;-43.742538;,
  2.333090;80.530074;-43.748742;,
  1.583105;80.446624;-44.148026;,
  1.505367;80.844992;-44.239091;,
  1.353292;80.858266;-44.854560;,
  1.210098;81.923110;-44.997709;,
  2.277580;80.956826;-43.810630;,
  3.114300;80.632032;-43.809014;,
  3.686795;80.425952;-44.472358;,
  3.098024;81.073619;-43.875469;,
  3.611982;81.165677;-44.578778;,
  3.535090;81.913178;-44.670467;,
  3.493390;83.486592;-43.682330;,
  3.302290;83.884934;-44.502646;,
  3.500343;83.308627;-44.341562;,
  3.867107;83.616762;-43.408314;,
  3.271909;83.870906;-43.243728;,
  2.859003;83.464525;-43.684819;,
  3.045965;82.011200;-43.920131;,
  1.306365;81.846528;-44.398387;,
  2.136650;81.943514;-43.903386;,
  1.909083;83.432627;-43.960979;,
  1.873594;83.900006;-43.591584;,
  1.609681;85.556166;-42.812214;,
  2.865965;85.626816;-42.737325;,
  0.969182;83.051878;-45.111229;,
  0.999286;83.413005;-44.491354;,
  0.703836;83.680947;-44.200371;,
  0.347646;83.972288;-43.563130;,
  0.256143;85.655744;-42.879434;,
  1.500736;87.373978;-42.310544;,
  3.827633;86.937421;-42.334157;,
  2.596861;87.139315;-42.299507;,
  2.546799;87.978522;-42.058362;,
  3.798654;87.798675;-42.106326;,
  4.601257;87.535066;-42.219101;,
  4.816047;87.718093;-41.681155;,
  5.309281;87.639648;-41.923914;,
  5.140042;87.994157;-40.869712;,
  5.801257;87.602336;-42.322822;,
  5.390626;87.469254;-42.430608;,
  5.603322;87.776122;-43.061808;,
  4.674247;86.919085;-42.343949;,
  4.122391;85.681690;-42.628627;,
  4.463987;84.226400;-42.969894;,
  4.540651;83.844550;-43.021088;,
  5.247239;83.558003;-43.048035;,
  4.692159;83.379590;-43.035264;,
  5.181302;83.981101;-43.028227;,
  5.132861;84.473158;-42.954954;,
  4.890722;85.757939;-42.653574;,
  5.370492;86.996026;-42.634106;,
  5.618022;87.226790;-43.154483;,
  5.654597;86.061990;-43.166970;,
  5.515374;85.927155;-42.903382;,
  5.663513;84.834221;-43.178723;,
  5.681070;84.156243;-43.293715;,
  5.722480;83.752813;-43.305786;,
  5.221438;81.400998;-43.009158;,
  4.471718;81.213888;-43.280262;,
  3.983540;83.239878;-43.358742;,
  5.843788;81.126099;-43.038333;,
  3.363231;140.951475;-23.944963;,
  2.140886;142.534182;-24.916864;,
  0.112004;143.667238;-25.484062;,
  -1.712273;147.183309;-24.251910;,
  -2.240180;143.784205;-25.207509;,
  0.984732;147.034291;-24.198298;,
  3.096857;145.395610;-23.460112;,
  4.369896;143.076749;-22.625354;,
  4.472467;140.337088;-21.431216;,
  4.684181;138.468634;-20.697731;,
  4.396114;136.776960;-20.059826;,
  3.996066;136.405619;-20.902344;,
  3.018444;134.926925;-19.760504;,
  1.191348;133.488614;-19.921342;,
  -0.298841;128.553920;-23.010725;,
  1.365078;134.011840;-18.972368;,
  -1.950020;105.372819;33.780496;,
  -2.227677;105.315475;33.718730;,
  -2.033535;105.722694;33.559104;,
  -1.763685;103.366560;34.956349;,
  -1.476903;103.390701;35.034691;,
  -1.315376;101.364595;36.332122;,
  -0.929583;101.388083;36.437725;,
  -0.852348;99.329811;37.686934;,
  -0.448814;99.346208;37.798016;,
  -0.131147;97.937222;38.787101;,
  -0.448179;97.536269;38.949334;,
  0.250972;97.680710;39.063430;,
  0.465357;98.079648;38.872250;,
  0.602495;99.388934;38.087421;,
  0.923351;97.963750;39.078544;,
  0.423923;97.021293;39.537360;,
  -0.542754;97.655398;39.250816;,
  -1.087426;99.577318;38.129347;,
  -1.566074;101.617728;36.953728;,
  -1.974564;103.586502;35.676781;,
  0.342245;97.073395;39.880493;,
  0.342245;97.073395;39.880493;,
  0.893092;98.174150;39.506250;,
  0.583242;99.700365;38.570157;,
  0.061065;101.739878;37.265904;,
  0.114681;101.451648;36.723574;,
  -0.436882;103.724410;35.903610;,
  -0.351372;103.485421;35.342147;,
  -0.891818;105.908531;34.542506;,
  -0.829976;105.600602;34.023494;,
  -1.287083;107.620762;32.764083;,
  -1.422989;105.929990;33.651734;,
  -1.316128;105.503482;33.921075;,
  -0.801039;103.447578;35.219312;,
  -0.339246;101.424013;36.599318;,
  0.131322;99.369792;37.957722;,
  -2.436257;105.598323;34.329341;,
  -2.670829;107.176851;32.536704;,
  -2.168181;108.123302;32.133117;,
  -1.645566;105.887968;33.599578;,
  -1.326318;107.994547;33.242547;,
  -2.292355;108.436096;32.427382;,
  -2.877208;107.519757;33.042426;,
  -2.292355;108.436096;32.427382;,
  1.634499;99.065850;44.781139;,
  0.744745;99.277517;44.596163;,
  1.508860;99.296275;44.599328;,
  -1.476903;103.390701;35.034691;,
  -1.665344;105.648557;34.190938;,
  -1.175864;103.617965;35.470509;,
  -1.950020;105.372819;33.780496;,
  -0.244525;99.551066;38.208106;,
  -0.339246;101.424013;36.599318;,
  0.131322;99.369792;37.957722;,
  -0.719332;101.599930;36.848941;,
  -0.801039;103.447578;35.219312;,
  -1.316128;105.503482;33.921075;,
  -1.422989;105.929990;33.651734;,
  -1.645566;105.887968;33.599578;,
  -2.033535;105.722694;33.559104;,
  -0.929583;101.388083;36.437725;,
  -0.448814;99.346208;37.798016;,
  -0.131147;97.937222;38.787101;,
  0.054413;98.202586;39.151046;,
  0.250972;97.680710;39.063430;,
  0.465357;98.079648;38.872250;,
  4.298538;91.939104;40.352502;,
  2.791175;92.128998;40.460662;,
  3.497042;92.672691;40.750848;,
  5.986821;91.268691;40.844490;,
  5.173359;92.267424;41.267610;,
  4.497878;93.026918;41.601341;,
  3.697377;93.671072;42.127456;,
  2.730108;93.318970;41.352563;,
  1.639312;92.565888;41.183174;,
  2.209106;91.342189;40.438378;,
  1.020618;91.836576;40.965322;,
  1.876800;90.519853;40.674957;,
  3.194913;94.145478;42.455152;,
  2.451279;93.549498;41.588870;,
  2.251937;93.789485;41.774630;,
  0.580082;93.096710;41.431754;,
  1.265573;92.745875;41.345376;,
  0.685492;92.559482;41.396224;,
  -1.006517;92.161773;41.865242;,
  -0.958269;91.517280;41.714659;,
  -1.782028;91.359334;42.013370;,
  -1.839547;92.246195;42.119443;,
  -1.114733;92.849274;41.798256;,
  -1.924870;92.850035;42.006531;,
  -2.274371;92.868973;42.339469;,
  -2.287653;92.247270;42.533043;,
  -2.382777;91.214707;42.561478;,
  -2.423143;89.628838;42.466957;,
  -2.788436;87.293914;43.762368;,
  -2.903428;89.474976;43.707846;,
  -2.787550;91.075213;43.670650;,
  -2.615880;92.294310;43.581584;,
  -2.697817;92.901901;43.480605;,
  -1.993433;93.169101;42.774205;,
  -1.280061;93.230202;42.172787;,
  -1.541892;90.450675;41.823395;,
  -1.916120;89.635392;42.032621;,
  -2.112040;87.338701;42.750541;,
  -1.877730;85.727552;43.206768;,
  -2.416434;85.666400;43.957267;,
  -1.643351;84.112077;43.601648;,
  -2.048481;83.949146;44.170928;,
  -2.031801;83.614771;44.131350;,
  -0.974423;85.631904;42.918246;,
  -1.285428;87.310605;42.491843;,
  0.050814;87.360243;42.447229;,
  -1.448596;82.591814;43.697283;,
  -0.752269;81.143744;43.428950;,
  -1.799191;81.141722;43.787853;,
  -1.873434;82.531750;43.975578;,
  -1.601008;83.798323;43.607264;,
  -0.691687;84.059373;43.399530;,
  0.256151;85.655763;42.879437;,
  1.500743;87.374010;42.310547;,
  2.596868;87.139341;42.299510;,
  2.546806;87.978541;42.058362;,
  1.609690;85.556192;42.812221;,
  2.865973;85.626829;42.737328;,
  3.827638;86.937453;42.334160;,
  3.798660;87.798701;42.106336;,
  3.804710;88.161818;41.589536;,
  4.816057;87.718093;41.681171;,
  5.140051;87.994176;40.869728;,
  5.309291;87.639661;41.923920;,
  0.347655;83.972301;43.563130;,
  1.873601;83.900006;43.591590;,
  3.271917;83.870912;43.243738;,
  4.122398;85.681702;42.628630;,
  4.674255;86.919085;42.343955;,
  4.601267;87.535078;42.219114;,
  5.390636;87.469267;42.430614;,
  4.601267;87.535078;42.219114;,
  5.309291;87.639661;41.923920;,
  5.390636;87.469267;42.430614;,
  4.890728;85.757958;42.653574;,
  5.370502;86.996032;42.634109;,
  5.515380;85.927168;42.903386;,
  5.801265;87.602342;42.322829;,
  5.140051;87.994176;40.869728;,
  5.603332;87.776141;43.061824;,
  5.618030;87.226810;43.154486;,
  5.654604;86.061997;43.166973;,
  5.663519;84.834234;43.178726;,
  5.132868;84.473184;42.954960;,
  5.838179;87.194003;40.477795;,
  5.712175;87.520026;39.970077;,
  5.071384;88.373658;40.261520;,
  5.835636;87.981696;39.621133;,
  5.180401;88.835718;39.895946;,
  6.126005;88.395616;39.508960;,
  5.549814;89.267565;39.762518;,
  6.503186;88.776442;39.587504;,
  6.049565;89.672659;39.867437;,
  4.638426;90.395693;39.850166;,
  7.043402;87.144730;38.695075;,
  6.607182;86.763354;39.070077;,
