xof 0303txt 0032
template ColorRGBA {
 <35ff44e0-6c7c-11cf-8f52-0040333594a3>
 FLOAT red;
 FLOAT green;
 FLOAT blue;
 FLOAT alpha;
}

template ColorRGB {
 <d3e16e81-7835-11cf-8f52-0040333594a3>
 FLOAT red;
 FLOAT green;
 FLOAT blue;
}

template Material {
 <3d82ab4d-62da-11cf-ab39-0020af71e433>
 ColorRGBA faceColor;
 FLOAT power;
 ColorRGB specularColor;
 ColorRGB emissiveColor;
 [...]
}

template TextureFilename {
 <a42790e1-7810-11cf-8f52-0040333594a3>
 STRING filename;
}

template Frame {
 <3d82ab46-62da-11cf-ab39-0020af71e433>
 [...]
}

template Matrix4x4 {
 <f6f23f45-7686-11cf-8f52-0040333594a3>
 array FLOAT matrix[16];
}

template FrameTransformMatrix {
 <f6f23f41-7686-11cf-8f52-0040333594a3>
 Matrix4x4 frameMatrix;
}

template Vector {
 <3d82ab5e-62da-11cf-ab39-0020af71e433>
 FLOAT x;
 FLOAT y;
 FLOAT z;
}

template MeshFace {
 <3d82ab5f-62da-11cf-ab39-0020af71e433>
 DWORD nFaceVertexIndices;
 array DWORD faceVertexIndices[nFaceVertexIndices];
}

template Mesh {
 <3d82ab44-62da-11cf-ab39-0020af71e433>
 DWORD nVertices;
 array Vector vertices[nVertices];
 DWORD nFaces;
 array MeshFace faces[nFaces];
 [...]
}

template MeshMaterialList {
 <f6f23f42-7686-11cf-8f52-0040333594a3>
 DWORD nMaterials;
 DWORD nFaceIndexes;
 array DWORD faceIndexes[nFaceIndexes];
 [Material <3d82ab4d-62da-11cf-ab39-0020af71e433>]
}

template VertexElement {
 <f752461c-1e23-48f6-b9f8-8350850f336f>
 DWORD Type;
 DWORD Method;
 DWORD Usage;
 DWORD UsageIndex;
}

template DeclData {
 <bf22e553-292c-4781-9fea-62bd554bdd93>
 DWORD nElements;
 array VertexElement Elements[nElements];
 DWORD nDWords;
 array DWORD data[nDWords];
}

template XSkinMeshHeader {
 <3cf169ce-ff7c-44ab-93c0-f78f62d172e2>
 WORD nMaxSkinWeightsPerVertex;
 WORD nMaxSkinWeightsPerFace;
 WORD nBones;
}

template SkinWeights {
 <6f0d123b-bad2-4167-a0d0-80224f25fabb>
 STRING transformNodeName;
 DWORD nWeights;
 array DWORD vertexIndices[nWeights];
 array FLOAT weights[nWeights];
 Matrix4x4 matrixOffset;
}

template AnimTicksPerSecond {
 <9e415a43-7ba6-4a73-8743-b73d47e88476>
 DWORD AnimTicksPerSecond;
}

template Animation {
 <3d82ab4f-62da-11cf-ab39-0020af71e433>
 [...]
}

template AnimationSet {
 <3d82ab50-62da-11cf-ab39-0020af71e433>
 [Animation <3d82ab4f-62da-11cf-ab39-0020af71e433>]
}

template FloatKeys {
 <10dd46a9-775b-11cf-8f52-0040333594a3>
 DWORD nValues;
 array FLOAT values[nValues];
}

template TimedFloatKeys {
 <f406b180-7b3b-11cf-8f52-0040333594a3>
 DWORD time;
 FloatKeys tfkeys;
}

template AnimationKey {
 <10dd46a8-775b-11cf-8f52-0040333594a3>
 DWORD keyType;
 DWORD nKeys;
 array TimedFloatKeys keys[nKeys];
}


Material Mati_PrimalBeast {
 1.000000;1.000000;1.000000;1.000000;;
 10.000000;
 0.000000;0.000000;0.000000;;
 0.000000;0.000000;0.000000;;

 TextureFilename {
  "PrimalBeast_Dif.tga";
 }
}

Frame Root {
 

 FrameTransformMatrix {
  1.000000,0.000000,0.000000,0.000000,0.000000,1.000000,0.000000,0.000000,0.000000,0.000000,1.000000,0.000000,-0.000014,0.000000,0.000000,1.000000;;
 }

 Frame Hips {
  

  FrameTransformMatrix {
   0.381859,-0.924220,-0.000903,0.000000,0.895652,0.369814,0.247073,0.000000,-0.228016,-0.095156,0.968997,0.000000,0.000000,9.072772,-0.000000,1.000000;;
  }

  Frame Spine1 {
   

   FrameTransformMatrix {
    -0.040780,-0.971072,0.235278,0.000000,0.987627,-0.074862,-0.137797,0.000000,0.151425,0.226747,0.962110,0.000000,-0.164719,3.929947,0.000003,1.000000;;
   }

   Frame Spine2 {
    

    FrameTransformMatrix {
     -0.816840,0.554500,-0.159068,0.000000,-0.570224,-0.817853,0.077213,0.000000,-0.087279,0.153775,0.984244,0.000000,-3.933403,0.000000,0.000000,1.000000;;
    }

    Frame Neck {
     

     FrameTransformMatrix {
      -0.029307,-0.089704,-0.995537,0.000000,-0.959282,0.282435,0.002791,0.000000,0.280924,0.955083,-0.094329,0.000000,4.929151,1.460132,-0.000089,1.000000;;
     }

     Frame Head {
      

      FrameTransformMatrix {
       0.976334,0.216171,0.006524,0.000000,-0.128297,0.554641,0.822140,0.000000,0.174104,-0.803520,0.569249,0.000000,0.000000,-2.592561,-1.059061,1.000000;;
      }

      Frame RJaw {
       

       FrameTransformMatrix {
        -1.000000,-0.000166,0.001323,0.000000,-0.000167,-0.968857,-0.247623,0.000000,0.001323,-0.247623,0.968856,0.000000,1.091270,-0.936411,-1.618863,1.000000;;
       }
      }

      Frame LJaw {
       

       FrameTransformMatrix {
        1.000000,-0.000031,0.000248,0.000000,-0.000031,0.968849,0.247654,0.000000,-0.000248,-0.247654,0.968848,0.000000,-1.091271,-0.936413,-1.618858,1.000000;;
       }
      }
     }
    }

    Frame LClav {
     

     FrameTransformMatrix {
      0.365789,-0.242244,0.898619,0.000000,0.879715,-0.225187,-0.418799,0.000000,0.303809,0.943720,0.130735,0.000000,0.476510,1.775999,2.149626,1.000000;;
     }

     Frame lShoulder2 {
      

      FrameTransformMatrix {
       0.958005,-0.191209,-0.213694,0.000000,-0.127362,-0.951416,0.280333,0.000000,-0.256914,-0.241344,-0.935814,0.000000,3.955451,-2.568735,0.303760,1.000000;;
      }

      Frame lElbow2 {
       

       FrameTransformMatrix {
        0.525775,-0.745556,-0.409521,0.000000,0.850475,0.469754,0.236694,0.000000,0.015906,-0.472735,0.881061,0.000000,7.350478,0.000024,0.000156,1.000000;;
       }

       Frame lHand2 {
        

        FrameTransformMatrix {
         0.971319,0.144344,-0.188958,0.000000,-0.203921,0.914383,-0.349743,0.000000,0.122296,0.378245,0.917592,0.000000,9.010320,-0.000217,0.000162,1.000000;;
        }

        Frame lthumb11 {
         

         FrameTransformMatrix {
          0.530183,-0.847644,-0.020168,0.000000,0.777099,0.476270,0.411441,0.000000,-0.339150,-0.233811,0.911213,0.000000,1.778784,-1.761594,0.999808,1.000000;;
         }

         Frame lthumb12 {
          

          FrameTransformMatrix {
           0.474056,0.880492,0.002112,0.000000,-0.880493,0.474059,-0.000615,0.000000,-0.001543,-0.001568,0.999997,0.000000,2.433158,0.000002,-0.000003,1.000000;;
          }
         }
        }

        Frame lFinger11 {
         

         FrameTransformMatrix {
          0.274892,-0.160625,-0.947963,0.000000,0.354090,0.933563,-0.055506,0.000000,0.893899,-0.320406,0.313504,0.000000,4.015724,-1.141578,-0.640188,1.000000;;
         }

         Frame lFinger12 {
          

          FrameTransformMatrix {
           0.670442,0.231540,0.704909,0.000000,-0.189841,0.971968,-0.138702,0.000000,-0.717264,-0.040829,0.695604,0.000000,2.314777,0.000000,-0.000002,1.000000;;
          }

          Frame lFinger13 {
           

           FrameTransformMatrix {
            0.733238,0.000000,0.679972,0.000000,0.000000,1.000000,-0.000000,0.000000,-0.679972,-0.000000,0.733238,0.000000,1.520209,0.000002,-0.000003,1.000000;;
           }
          }
         }
        }

        Frame lFinger21 {
         

         FrameTransformMatrix {
          0.644613,0.222456,-0.731429,0.000000,-0.235160,0.968040,0.087170,0.000000,0.727444,0.115812,0.676324,0.000000,3.999616,0.794209,-0.694796,1.000000;;
         }

         Frame lFinger22 {
          

          FrameTransformMatrix {
           0.813813,-0.011247,0.581018,0.000000,0.009475,0.999937,0.006086,0.000000,-0.581050,0.000552,0.813868,0.000000,2.701280,-0.000001,-0.000008,1.000000;;
          }

          Frame lFinger23 {
           

           FrameTransformMatrix {
            0.816240,0.000000,0.577714,0.000000,-0.000000,1.000000,0.000000,0.000000,-0.577714,-0.000000,0.816240,0.000000,1.091950,-0.000010,-0.000379,1.000000;;
           }
          }
         }
        }

        Frame lthumb21 {
         

         FrameTransformMatrix {
          0.227482,0.940250,-0.253340,0.000000,-0.830253,0.051327,-0.555019,0.000000,-0.508854,0.336593,0.792321,0.000000,2.873854,2.132960,0.344739,1.000000;;
         }

         Frame lthumb22 {
          

          FrameTransformMatrix {
           0.588705,-0.808346,-0.001901,0.000000,0.808348,0.588706,-0.000416,0.000000,0.001456,-0.001291,0.999998,0.000000,1.498879,0.000001,-0.000002,1.000000;;
          }
         }
        }
       }
      }
     }

     Frame lShoulder1 {
      

      FrameTransformMatrix {
       0.451200,0.735853,0.504915,0.000000,0.775681,-0.603142,0.185846,0.000000,0.441291,0.307800,-0.842925,0.000000,2.748617,2.568735,-0.303746,1.000000;;
      }

      Frame lElbow1 {
       

       FrameTransformMatrix {
        -0.190928,-0.935100,0.298555,0.000000,0.670625,-0.346363,-0.655969,0.000000,0.716804,0.074975,0.693232,0.000000,7.037124,0.000217,-0.000270,1.000000;;
       }

       Frame lHand1 {
        

        FrameTransformMatrix {
         0.835367,0.516845,-0.187172,0.000000,0.072275,0.234273,0.969480,0.000000,0.544920,-0.823400,0.158349,0.000000,7.677974,0.000003,-0.000000,1.000000;;
        }

        Frame lthumb31 {
         

         FrameTransformMatrix {
          0.873314,-0.480887,0.077911,0.000000,0.438062,0.845161,0.306275,0.000000,-0.213131,-0.233344,0.948749,0.000000,1.911627,-1.749313,1.222069,1.000000;;
         }

         Frame lthumb32 {
          

          FrameTransformMatrix {
           0.585253,0.810849,0.001908,0.000000,-0.810850,0.585254,-0.000422,0.000000,-0.001459,-0.001300,0.999998,0.000000,2.433153,0.000000,0.000002,1.000000;;
          }
         }
        }

        Frame lFinger31 {
         

         FrameTransformMatrix {
          0.198343,-0.087243,0.976242,0.000000,0.087385,0.993638,0.071043,0.000000,-0.976229,0.071218,0.204705,0.000000,3.906584,-1.150267,-0.716063,1.000000;;
         }

         Frame lFinger32 {
          

          FrameTransformMatrix {
           0.062404,0.029814,0.997606,0.000000,-0.047680,0.998502,-0.026858,0.000000,-0.996912,-0.045890,0.063732,0.000000,2.314780,-0.000217,-0.000769,1.000000;;
          }

          Frame lFinger33 {
           

           FrameTransformMatrix {
            -0.283402,0.009146,0.958958,0.000000,0.013728,0.999891,-0.005479,0.000000,-0.958903,0.011612,-0.283497,0.000000,1.407510,-0.000001,0.000002,1.000000;;
           }
          }
         }
        }

        Frame lFinger41 {
         

         FrameTransformMatrix {
          -0.016717,-0.092821,0.995543,0.000000,0.097514,0.990784,0.094015,0.000000,-0.995094,0.098651,-0.007511,0.000000,3.899636,0.778748,-0.859041,1.000000;;
         }

         Frame lFinger42 {
          

          FrameTransformMatrix {
           0.312572,-0.057055,0.948179,0.000000,0.053820,0.997655,0.042290,0.000000,-0.948368,0.037812,0.314909,0.000000,2.611661,-0.000003,0.000005,1.000000;;
          }

          Frame lFinger43 {
           

           FrameTransformMatrix {
            -0.020633,-0.000475,0.999787,0.000000,-0.048330,0.998831,-0.000523,0.000000,-0.998618,-0.048331,-0.020632,0.000000,1.067870,-0.000085,-0.000513,1.000000;;
           }
          }
         }
        }

        Frame lthumb41 {
         

         FrameTransformMatrix {
          0.859463,-0.197589,0.471468,0.000000,0.329356,0.919380,-0.215094,0.000000,-0.390958,0.340146,0.855250,0.000000,2.946338,2.128890,0.353003,1.000000;;
         }

         Frame lthumb42 {
          

          FrameTransformMatrix {
           -0.107303,-0.994226,-0.001183,0.000000,0.994226,-0.107303,-0.000510,0.000000,0.000380,-0.001231,0.999999,0.000000,1.498880,0.000003,-0.000005,1.000000;;
          }
         }
        }
       }
      }
     }
    }

    Frame RClav {
     

     FrameTransformMatrix {
      0.386507,-0.232882,-0.892400,0.000000,-0.906231,0.083862,-0.414382,0.000000,0.171341,0.968882,-0.178632,0.000000,0.476442,1.776010,-2.149630,1.000000;;
     }

     Frame rShoulder2 {
      

      FrameTransformMatrix {
       0.226931,0.871508,-0.434715,0.000000,0.205220,-0.479128,-0.853417,0.000000,-0.952044,0.104454,-0.287580,0.000000,3.955450,2.568734,0.303760,1.000000;;
      }

      Frame rElbow2 {
       

       FrameTransformMatrix {
        0.739246,0.554959,-0.381491,0.000000,-0.672931,0.586810,-0.450354,0.000000,-0.026065,0.589640,0.807246,0.000000,7.350461,0.000000,0.000005,1.000000;;
       }

       Frame rHand2 {
        

        FrameTransformMatrix {
         0.689124,-0.686252,0.232734,0.000000,-0.318020,0.002180,0.948082,0.000000,-0.651131,-0.727360,-0.216740,0.000000,9.010282,0.000000,0.000000,1.000000;;
        }

        Frame rThumb11 {
         

         FrameTransformMatrix {
          0.517574,-0.764992,-0.383281,0.000000,0.762944,0.209830,0.611463,0.000000,-0.387341,-0.608900,0.692249,0.000000,2.878162,-2.126346,0.349686,1.000000;;
         }

         Frame rThumb12 {
          

          FrameTransformMatrix {
           0.674792,0.738006,0.001551,0.000000,-0.738008,0.674791,0.001326,0.000000,-0.000068,-0.002039,0.999998,0.000000,1.497652,-0.013635,0.001212,1.000000;;
          }
         }
        }

        Frame rThumb21 {
         

         FrameTransformMatrix {
          0.471328,0.880321,-0.053709,0.000000,-0.814307,0.410977,-0.409880,0.000000,-0.338753,0.236924,0.910557,0.000000,1.776204,1.768283,0.992576,1.000000;;
         }

         Frame rThumb22 {
          

          FrameTransformMatrix {
           0.703536,-0.710659,-0.000493,0.000000,0.710659,0.703534,0.002310,0.000000,-0.001295,-0.001976,0.999997,0.000000,2.435633,-0.016379,0.005940,1.000000;;
          }
         }
        }

        Frame rFinger11 {
         

         FrameTransformMatrix {
          0.172410,0.241069,-0.955071,0.000000,-0.308641,0.933986,0.180031,0.000000,0.935423,0.263735,0.235432,0.000000,4.013065,1.147025,-0.647037,1.000000;;
         }

         Frame rFinger12 {
          

          FrameTransformMatrix {
           0.944448,-0.217930,0.246017,0.000000,0.180628,0.969540,0.165427,0.000000,-0.274575,-0.111800,0.955044,0.000000,2.316869,-0.012746,0.007351,1.000000;;
          }

          Frame rFinger13 {
           

           FrameTransformMatrix {
            0.081571,0.000000,0.996668,0.000000,0.000000,1.000000,0.000000,0.000000,-0.996668,0.000000,0.081571,0.000000,1.520211,0.000000,-0.000008,1.000000;;
           }
          }
         }
        }

        Frame rFinger21 {
         

         FrameTransformMatrix {
          0.375520,-0.233991,-0.896791,0.000000,0.130990,0.971292,-0.198580,0.000000,0.917511,-0.042900,0.395390,0.000000,4.000593,-0.788953,-0.695165,1.000000;;
         }

         Frame rFinger22 {
          

          FrameTransformMatrix {
           0.924179,0.008254,0.381872,0.000000,-0.007570,0.999966,-0.003295,0.000000,-0.381886,0.000154,0.924209,0.000000,2.700700,-0.011670,0.002579,1.000000;;
          }

          Frame rFinger23 {
           

           FrameTransformMatrix {
            0.853617,0.000469,0.520901,0.000000,-0.000468,1.000000,-0.000135,0.000000,-0.520901,-0.000129,0.853617,0.000000,1.091950,-0.000002,-0.000003,1.000000;;
           }
          }
         }
        }
       }
      }
     }

     Frame rShoulder1 {
      

      FrameTransformMatrix {
       0.422198,-0.769807,0.478692,0.000000,-0.906130,-0.373551,0.198465,0.000000,0.026036,-0.517549,-0.855258,0.000000,2.748617,-2.568729,-0.303745,1.000000;;
      }

      Frame rElbow1 {
       

       FrameTransformMatrix {
        -0.124049,0.967787,0.219089,0.000000,-0.649382,-0.246126,0.719532,0.000000,0.750277,-0.053015,0.658995,0.000000,7.037123,0.000171,0.000193,1.000000;;
       }

       Frame rHand1 {
        

        FrameTransformMatrix {
         0.952079,0.225684,-0.206430,0.000000,-0.076128,-0.478831,-0.874600,0.000000,-0.296229,0.848403,-0.438704,0.000000,7.677978,0.000003,0.000003,1.000000;;
        }

        Frame rThumb31 {
         

         FrameTransformMatrix {
          0.681187,0.110442,0.723732,0.000000,-0.140211,0.989938,-0.019097,0.000000,-0.718558,-0.088467,0.689817,0.000000,2.947691,-2.126731,0.354742,1.000000;;
         }

         Frame rThumb32 {
          

          FrameTransformMatrix {
           0.403040,0.915182,0.001236,0.000000,-0.915182,0.403040,-0.000105,0.000000,-0.000594,-0.001089,0.999999,0.000000,1.498613,-0.004350,-0.000243,1.000000;;
          }
         }
        }

        Frame rFinger31 {
         

         FrameTransformMatrix {
          0.690068,0.203841,0.694446,0.000000,0.144268,0.901520,-0.407982,0.000000,-0.709220,0.381721,0.592702,0.000000,3.900115,-0.776966,-0.858400,1.000000;;
         }

         Frame rFinger32 {
          

          FrameTransformMatrix {
           -0.441140,-0.366082,0.819377,0.000000,-0.092443,0.926697,0.364261,0.000000,-0.892664,0.084945,-0.442645,0.000000,2.611131,-0.003483,-0.000636,1.000000;;
          }

          Frame rFinger33 {
           

           FrameTransformMatrix {
            0.417492,-0.000000,0.908681,0.000000,0.000000,1.000000,-0.000000,0.000000,-0.908681,0.000000,0.417492,0.000000,1.067869,0.000001,0.000008,1.000000;;
           }
          }
         }
        }

        Frame rFinger41 {
         

         FrameTransformMatrix {
          0.512801,0.282224,0.810793,0.000000,0.086247,0.922708,-0.375728,0.000000,-0.854164,0.262602,0.448825,0.000000,3.905842,1.152170,-0.716994,1.000000;;
         }

         Frame rFinger42 {
          

          FrameTransformMatrix {
           -0.327315,-0.011915,0.944841,0.000000,0.061398,0.997539,0.033850,0.000000,-0.942919,0.069091,-0.325778,0.000000,2.315060,-0.003572,0.000665,1.000000;;
          }

          Frame rFinger43 {
           

           FrameTransformMatrix {
            0.178152,0.000000,0.984003,0.000000,-0.000000,1.000000,0.000000,0.000000,-0.984003,-0.000000,0.178153,0.000000,1.407510,0.000000,0.000003,1.000000;;
           }
          }
         }
        }

        Frame rThumb41 {
         

         FrameTransformMatrix {
          0.876400,0.479643,-0.043189,0.000000,-0.433112,0.745804,-0.506154,0.000000,-0.210563,0.462299,0.861361,0.000000,1.910497,1.751521,1.220642,1.000000;;
         }

         Frame rThumb42 {
          

          FrameTransformMatrix {
           -0.696088,-0.717957,0.000194,0.000000,0.717955,-0.696086,-0.002082,0.000000,0.001630,-0.001310,0.999998,0.000000,2.433782,-0.004597,0.000626,1.000000;;
          }
         }
        }
       }
      }
     }
    }
   }
  }

  Frame LThigh {
   

   FrameTransformMatrix {
    0.193155,-0.919663,0.341923,0.000000,-0.976319,-0.145550,0.160049,0.000000,-0.097424,-0.364740,-0.925998,0.000000,1.094141,-0.667814,1.361827,1.000000;;
   }

   Frame lCalf {
    

    FrameTransformMatrix {
     0.939600,0.339933,0.039982,0.000000,-0.242557,0.743715,-0.622940,0.000000,-0.241493,0.575616,0.781247,0.000000,4.108443,0.000001,-0.000001,1.000000;;
    }

    Frame LFoot {
     

     FrameTransformMatrix {
      0.567699,0.702654,0.428947,0.000000,-0.820701,0.442196,0.361818,0.000000,0.064553,-0.557441,0.827703,0.000000,3.269910,-0.001683,-0.003060,1.000000;;
     }

     Frame LToe {
      

      FrameTransformMatrix {
       -0.975740,-0.163280,-0.145848,0.000000,-0.171342,0.984208,0.044456,0.000000,0.136285,0.068368,-0.988308,0.000000,1.645914,-1.260754,-0.025792,1.000000;;
      }
     }
    }
   }
  }

  Frame RThigh {
   

   FrameTransformMatrix {
    0.634035,0.714052,-0.296867,0.000000,-0.769074,0.542146,-0.338532,0.000000,-0.080784,0.442954,0.892897,0.000000,1.094142,-0.667815,-1.361826,1.000000;;
   }

   Frame rCalf {
    

    FrameTransformMatrix {
     0.688540,-0.722386,0.063805,0.000000,0.512932,0.547312,0.661325,0.000000,-0.512653,-0.422621,0.747381,0.000000,4.108439,-0.000002,-0.000003,1.000000;;
    }

    Frame RFoot {
     

     FrameTransformMatrix {
      0.841113,-0.430540,-0.327359,0.000000,0.180906,0.794347,-0.579901,0.000000,0.509708,0.428541,0.746023,0.000000,3.271902,-0.001351,0.002917,1.000000;;
     }

     Frame RToe {
      

      FrameTransformMatrix {
       -0.990171,0.019097,-0.138554,0.000000,0.027841,0.997722,-0.061446,0.000000,0.137065,-0.064699,-0.988447,0.000000,1.646053,1.260193,-0.024213,1.000000;;
      }
     }
    }
   }
  }
 }
}

Frame Skel_PrimalBeast {
 

 FrameTransformMatrix {
  1.000000,0.000000,0.000000,0.000000,0.000000,1.000000,0.000000,0.000000,0.000000,0.000000,1.000000,0.000000,0.000000,0.000000,0.000000,1.000000;;
 }

 Mesh Skel_PrimalBeast {
  5649;
  1.318001;0.100011;3.800893;,
  1.496574;0.093004;4.001883;,
  1.289918;0.060452;3.889863;,
  3.838315;14.416811;2.642883;,
  4.224603;13.509966;1.414816;,
  4.491450;14.276835;1.532975;,
  4.556386;14.588950;2.862260;,
  3.970520;14.762714;3.454787;,
  3.838315;14.416811;2.642883;,
  4.556386;14.588950;2.862260;,
  4.106537;16.199966;3.576442;,
  3.544100;15.442301;3.928359;,
  5.242399;15.386398;1.699136;,
  4.775370;15.789584;2.824671;,
  5.242399;15.386398;1.699136;,
  4.556386;14.588950;2.862260;,
  5.052256;14.629546;1.699032;,
  4.809856;14.492595;0.409760;,
  4.498141;13.583382;0.319103;,
  4.224603;13.509966;1.414816;,
  3.924950;12.878116;1.151737;,
  3.302561;12.864464;2.065941;,
  3.489937;13.447565;2.472421;,
  4.224603;13.509966;1.414816;,
  3.838315;14.416811;2.642883;,
  3.489937;13.447565;2.472421;,
  5.136660;14.689974;0.425378;,
  5.353987;15.502266;0.445618;,
  5.177692;16.389906;1.625511;,
  3.919240;12.745437;0.253614;,
  3.625109;12.614981;0.975770;,
  3.073728;12.672066;1.811192;,
  2.582983;12.686585;2.606089;,
  2.857911;13.535832;3.005564;,
  3.356318;14.677270;3.294275;,
  3.145660;15.222710;3.723924;,
  2.302792;14.171384;3.878840;,
  2.302792;14.171384;3.878840;,
  2.857911;13.535832;3.005564;,
  3.356318;14.677270;3.294275;,
  2.369940;13.231888;3.640184;,
  1.866323;14.141251;4.161401;,
  1.914141;13.296735;3.615528;,
  2.010541;14.419410;4.288309;,
  2.060961;14.817954;4.399050;,
  2.974223;15.661094;4.059870;,
  1.587407;12.526884;3.426165;,
  1.736785;12.102658;2.707640;,
  2.323569;12.408062;2.332975;,
  0.859058;13.044664;3.879518;,
  1.446749;14.052413;4.237422;,
  1.404133;14.213414;4.520336;,
  1.273806;14.836840;4.706924;,
  0.603541;14.324462;4.852360;,
  0.610532;14.920341;5.249551;,
  0.635851;13.726402;4.491360;,
  -1.136102;16.035534;5.477917;,
  -0.878952;15.883442;5.488718;,
  -1.150357;16.508056;5.784227;,
  -1.197770;15.026206;5.058064;,
  -0.495484;15.220621;5.230579;,
  -1.002343;14.462587;4.952679;,
  -0.639627;13.529882;4.449990;,
  -0.247613;12.812362;3.855249;,
  0.635851;13.726402;4.491360;,
  0.859058;13.044664;3.879518;,
  0.753819;12.541990;3.385345;,
  0.214329;12.434173;3.408919;,
  0.751891;11.994075;2.889527;,
  1.587407;12.526884;3.426165;,
  1.736785;12.102658;2.707640;,
  1.041191;11.312947;2.650753;,
  2.063765;11.440470;2.092552;,
  3.108970;11.884826;1.642307;,
  2.842836;11.335238;1.395544;,
  3.505692;11.890136;0.873662;,
  3.114312;11.338813;0.782491;,
  1.258270;10.493558;2.407747;,
  2.892828;11.195342;0.737314;,
  3.231980;11.451705;0.206320;,
  3.498617;12.019277;0.158377;,
  2.369940;13.231888;3.640184;,
  2.699286;11.162410;1.329534;,
  1.892361;10.448880;1.793230;,
  2.499350;10.498639;1.322153;,
  2.822037;10.454114;0.700905;,
  2.936697;10.503908;0.000000;,
  2.923072;11.413719;0.000000;,
  3.324593;12.019226;0.000000;,
  2.735905;9.638717;0.000000;,
  2.679175;9.701527;0.666009;,
  2.300753;10.046470;1.274715;,
  4.291886;12.967478;0.262708;,
  4.016580;12.913887;-0.000000;,
  4.424136;13.623579;-0.000001;,
  5.427064;17.385515;2.146987;,
  5.766450;16.760296;1.434043;,
  5.365331;16.147814;0.410822;,
  5.111082;15.589482;-0.000001;,
  4.779690;14.674378;-0.000001;,
  6.073503;16.307390;0.329660;,
  6.476861;17.349510;1.803391;,
  6.687428;16.745270;1.231616;,
  6.837548;16.056723;0.468116;,
  6.740524;15.826629;0.000000;,
  6.100094;16.286253;0.000000;,
  5.368160;16.206099;-0.000000;,
  4.895980;18.309574;2.888057;,
  5.581038;18.576026;2.733930;,
  4.360512;19.711448;3.055106;,
  5.581038;18.576026;2.733930;,
  5.158984;20.069373;2.118764;,
  5.867308;19.133818;2.112989;,
  6.293166;18.493936;1.990288;,
  6.188193;18.097022;2.209639;,
  6.602717;17.771923;1.859377;,
  6.023254;17.751213;2.101438;,
  4.518654;17.266714;2.910061;,
  4.761013;17.235430;2.398027;,
  5.308879;17.971251;2.592377;,
  3.317567;15.798696;4.145696;,
  4.097010;16.379102;3.845298;,
  4.312384;17.290094;3.171073;,
  4.567741;18.447914;2.931278;,
  4.054904;19.551077;3.004582;,
  5.304589;20.561941;1.885527;,
  5.613518;20.887558;1.735896;,
  4.838674;21.329264;1.247749;,
  5.238693;21.298346;1.023640;,
  4.585149;22.124426;0.747796;,
  5.340384;21.684202;0.681710;,
  5.249056;21.674491;-0.000001;,
  4.464727;22.069968;-0.000001;,
  5.986117;21.106114;1.194544;,
  5.905572;21.064851;0.820307;,
  6.085126;21.310877;0.509121;,
  6.061335;21.332283;-0.000001;,
  6.728013;20.927962;-0.000001;,
  6.625919;20.773274;0.678364;,
  7.635590;20.100744;0.532622;,
  6.748050;20.780760;1.217884;,
  6.289991;19.549170;1.932464;,
  6.131590;20.451373;1.904060;,
  5.846459;20.053587;1.985878;,
  6.764058;20.111421;1.868649;,
  6.724722;19.301318;1.756260;,
  7.780988;19.655800;1.396431;,
  6.254468;19.223510;2.039699;,
  5.867308;19.133818;2.112989;,
  5.158984;20.069373;2.118764;,
  6.293166;18.493936;1.990288;,
  6.602717;17.771923;1.859377;,
  6.689516;18.623563;1.955192;,
  7.679496;19.027110;1.573337;,
  7.664480;19.125022;1.466692;,
  8.411807;19.039970;1.017053;,
  8.465227;19.221544;0.940852;,
  7.875470;20.159046;0.947890;,
  8.530016;19.459602;0.741901;,
  8.798003;18.852568;0.673684;,
  8.851756;18.885885;1.104132;,
  7.653077;20.170995;-0.000001;,
  8.479434;19.488539;-0.000001;,
  8.462126;19.413998;0.553877;,
  8.859763;19.014106;-0.000001;,
  9.203756;18.490141;-0.000001;,
  7.011874;17.999106;1.841401;,
  6.986899;18.729741;1.741184;,
  7.639506;18.565619;1.612108;,
  8.772478;18.314002;1.343844;,
  9.232505;18.453747;0.922089;,
  9.123264;18.348486;0.512607;,
  7.172826;17.424795;1.746180;,
  7.279202;18.087682;1.546005;,
  7.640094;18.286581;1.530666;,
  9.119156;18.082454;1.157166;,
  9.531521;17.737178;0.640807;,
  8.871229;18.006790;1.204226;,
  7.855919;17.706358;1.388054;,
  7.498738;17.379475;1.513525;,
  7.574417;16.916237;1.424606;,
  7.239719;16.596187;1.365934;,
  7.761528;15.881032;1.020906;,
  7.592834;16.387747;1.122615;,
  7.648877;15.912608;0.886970;,
  7.385571;15.712194;0.644373;,
  6.837548;16.056723;0.468116;,
  6.687428;16.745270;1.231616;,
  6.476861;17.349510;1.803391;,
  7.956047;15.269930;0.633620;,
  7.746844;15.578822;0.733902;,
  7.767741;15.231163;0.260769;,
  7.939818;15.319704;0.247585;,
  7.770202;15.243853;-0.000001;,
  7.481257;15.425925;-0.000000;,
  6.740524;15.826629;0.000000;,
  7.924322;15.317024;-0.000001;,
  8.943620;14.757029;0.817838;,
  9.291501;14.591398;0.734451;,
  8.961416;14.832723;0.955072;,
  8.947289;14.854856;0.719632;,
  8.278182;14.971898;0.820781;,
  8.300238;15.064514;0.702330;,
  8.021482;15.187080;0.850246;,
  7.848126;15.515115;0.916318;,
  7.982882;15.528933;1.099551;,
  8.372092;15.213418;1.053826;,
  9.144790;14.884285;1.200523;,
  8.677602;15.178325;1.283824;,
  9.072306;14.766539;1.167777;,
  9.547562;14.517701;1.145296;,
  9.637511;14.876058;1.122138;,
  9.284278;15.128603;1.196710;,
  8.719117;15.639830;1.317109;,
  8.142787;15.465765;1.293133;,
  8.726974;15.922454;1.198942;,
  8.882654;15.679922;1.163134;,
  8.688115;16.440656;1.097361;,
  9.180561;16.840624;0.843700;,
  8.651370;16.960122;1.033610;,
  8.555156;16.433742;1.247388;,
  8.626372;15.918478;1.297527;,
  8.327939;15.926040;1.371319;,
  8.118089;15.901227;1.113623;,
  7.730218;16.423379;1.273099;,
  8.235182;16.382707;1.163518;,
  8.444381;16.435730;1.285189;,
  8.473157;17.093546;1.105275;,
  8.974719;17.323728;0.992705;,
  8.557417;17.603598;1.211150;,
  8.682118;17.239603;1.084707;,
  8.273539;17.219173;1.253812;,
  7.668062;16.939006;1.472015;,
  9.212413;17.106312;0.925373;,
  9.252730;17.550107;0.928555;,
  9.431784;17.667027;0.936588;,
  9.615875;17.230731;0.695532;,
  9.495625;16.706858;0.224917;,
  9.710338;16.812614;0.293101;,
  9.479735;16.770354;0.444358;,
  9.573222;16.942746;0.381896;,
  9.435409;17.060728;0.583181;,
  9.705455;17.060821;0.480184;,
  9.669402;17.235117;0.513514;,
  9.498584;17.761688;0.422845;,
  9.617472;17.847762;-0.000001;,
  9.839770;17.301003;-0.000001;,
  9.930720;17.025875;0.332008;,
  9.911332;16.817611;0.320268;,
  9.793010;16.628203;0.119835;,
  9.980286;16.555042;-0.000001;,
  9.802021;16.412629;0.245071;,
  9.919373;16.617368;-0.000001;,
  9.983296;16.875933;-0.000001;,
  9.368991;16.078306;0.370283;,
  9.505283;16.006768;0.461979;,
  9.507257;16.115688;0.520348;,
  9.675063;16.032725;0.386748;,
  9.785948;16.299339;0.389132;,
  9.936019;16.093800;0.292344;,
  10.016701;16.233374;0.275546;,
  10.010802;16.490237;0.097913;,
  10.031258;16.483827;-0.000001;,
  10.118746;16.226565;-0.000001;,
  9.588870;15.966003;0.363405;,
  9.460897;15.864931;0.414898;,
  10.093852;16.220518;0.230384;,
  9.946130;16.119162;0.185466;,
  9.955438;15.944646;0.255718;,
  9.756146;15.870574;0.310478;,
  9.661647;15.914118;0.157042;,
  9.510094;15.998573;0.260233;,
  10.073322;16.092570;0.163450;,
  9.959906;15.939573;-0.000001;,
  9.875109;15.877085;0.132490;,
  9.854249;15.899890;-0.000001;,
  9.689762;15.913941;-0.000001;,
  9.706386;15.687021;0.251239;,
  9.494322;16.649422;0.637187;,
  9.607066;16.410987;0.572133;,
  9.607962;16.479800;0.424605;,
  9.510966;16.599445;0.774747;,
  9.393646;16.522659;0.668988;,
  9.304461;16.869605;0.945038;,
  9.243158;16.300395;0.660702;,
  9.408199;16.844915;0.679768;,
  9.494658;16.897718;0.867588;,
  9.430430;17.126352;0.735330;,
  9.350552;17.016846;0.633897;,
  8.371720;15.584858;-0.111520;,
  8.326070;15.641152;0.372202;,
  8.508291;15.549370;0.318127;,
  8.219128;15.682806;-0.071074;,
  8.019703;15.727037;0.348273;,
  7.964487;15.734939;-0.025681;,
  8.007306;15.845998;-0.465503;,
  8.217440;15.815253;-0.500877;,
  8.335976;15.700440;-0.515211;,
  7.696199;15.773867;0.015940;,
  7.702837;15.709966;0.392090;,
  7.713915;15.800299;-0.400037;,
  7.795429;15.827853;-0.704951;,
  8.042362;15.904062;-0.741672;,
  8.220951;16.005360;-0.885579;,
  8.314826;16.001307;-0.915967;,
  8.406278;15.762768;-0.908352;,
  8.479533;15.485238;-0.550735;,
  8.535384;15.417773;-0.142666;,
  8.689151;15.356258;0.216926;,
  8.424052;15.320923;0.241603;,
  8.631091;15.264290;0.836127;,
  8.687930;15.163382;0.805167;,
  8.323226;15.221267;0.748838;,
  9.045658;15.211798;0.790134;,
  8.751445;15.541314;0.825455;,
  8.571238;15.749928;0.834239;,
  8.472686;15.922330;0.839457;,
  8.399077;15.952298;0.842746;,
  8.152057;15.886947;0.723888;,
  7.821433;15.734944;0.711213;,
  7.915714;15.315570;-0.157471;,
  8.165855;15.253832;0.245797;,
  7.962506;15.315803;0.292394;,
  8.070564;15.303477;0.738724;,
  7.807851;15.552930;0.729678;,
  7.620945;15.557877;0.319124;,
  7.600705;15.562915;-0.171760;,
  7.728355;15.581507;-0.589663;,
  8.006458;15.289362;-0.573396;,
  7.853215;15.535539;-0.760824;,
  8.411650;15.367149;-0.160064;,
  8.389166;15.286429;-0.155826;,
  8.155685;15.249600;-0.160756;,
  8.273716;15.214816;-0.575447;,
  8.543122;15.252064;-0.535960;,
  8.122457;15.353458;-0.827413;,
  8.423265;15.210490;-0.818101;,
  8.757172;15.143878;-0.795981;,
  8.533581;15.472710;-0.915464;,
  -5.618466;4.132671;-16.130395;,
  -5.516736;3.354317;-16.199789;,
  -5.631014;3.356424;-15.896136;,
  -5.531715;2.850785;-15.904533;,
  -5.636608;2.985838;-15.543194;,
  -4.978836;3.013532;-15.498525;,
  -4.967166;3.401314;-15.702714;,
  -5.618466;4.132671;-16.130395;,
  -5.631014;3.356424;-15.896136;,
  -5.005060;4.230378;-16.070322;,
  -5.581264;4.166906;-16.304480;,
  -5.032620;3.368896;-16.121544;,
  -5.005943;2.872136;-15.845198;,
  -4.978836;3.013532;-15.498525;,
  -4.967166;3.401314;-15.702714;,
  -5.005060;4.230378;-16.070322;,
  -5.070676;4.281896;-16.364230;,
  2.554978;4.193200;-15.452426;,
  2.656708;3.414846;-15.521819;,
  2.542429;3.416953;-15.218170;,
  2.641728;2.911316;-15.226565;,
  2.536835;3.046368;-14.865224;,
  3.194607;3.074060;-14.820555;,
  3.206277;3.461844;-15.024742;,
  3.168383;4.290907;-15.392354;,
  2.592180;4.227436;-15.626510;,
  3.140823;3.429424;-15.443574;,
  3.167501;2.932665;-15.167227;,
  3.194607;3.074060;-14.820555;,
  3.206277;3.461844;-15.024742;,
  3.168383;4.290907;-15.392354;,
  3.102771;4.342425;-15.686259;,
  -9.132258;13.497950;-12.224398;,
  -7.668813;13.019223;-12.499577;,
  -8.575382;12.374667;-12.751017;,
  -8.458928;14.077120;-11.853547;,
  -8.774387;12.251072;-12.456935;,
  -9.311446;13.294326;-12.029762;,
  -8.607530;13.902238;-11.616027;,
  -7.870574;14.403582;-11.211409;,
  -7.844360;14.324885;-10.895239;,
  -7.205007;12.538234;-11.570720;,
  -8.116521;12.796258;-11.958336;,
  -7.618368;12.050883;-12.166082;,
  -7.417926;13.072534;-11.319363;,
  -7.110044;13.287574;-11.834697;,
  -6.859934;12.557772;-12.261857;,
  -7.227975;12.245674;-12.784460;,
  -7.911702;11.845797;-12.872854;,
  -8.385406;11.779063;-12.390657;,
  -8.607530;13.902238;-11.616027;,
  -9.311446;13.294326;-12.029762;,
  -8.774387;12.251072;-12.456935;,
  -8.385406;11.779063;-12.390657;,
  -7.464838;4.091689;-16.221024;,
  -7.983816;3.861457;-15.987186;,
  -7.392198;4.050672;-15.927117;,
  -7.289356;3.194904;-15.978336;,
  -7.952209;3.900917;-16.161270;,
  -7.765718;3.107391;-16.056579;,
  -7.879005;3.092216;-15.752930;,
  -7.704490;2.607374;-15.761326;,
  -7.828573;2.725037;-15.399986;,
  -7.187970;2.707869;-15.701989;,
  -7.182525;2.851738;-15.355315;,
  -7.229546;3.236835;-15.559504;,
  -7.879005;3.092216;-15.752930;,
  -7.983816;3.861457;-15.987186;,
  -7.828573;2.725037;-15.399986;,
  -3.797032;4.025481;-16.005590;,
  -4.409666;4.046119;-15.969898;,
  -3.848322;3.956763;-15.712352;,
  -4.098886;3.142556;-15.853131;,
  -4.309606;4.067725;-16.119506;,
  -4.514246;3.272777;-16.079454;,
  -4.715943;3.308811;-15.827888;,
  -4.765892;2.796542;-15.854032;,
  -4.940552;2.956699;-15.532085;,
  -4.304864;2.660381;-15.631934;,
  -4.353848;2.787295;-15.282069;,
  -4.167503;3.154015;-15.433709;,
  -4.715943;3.308811;-15.827888;,
  -4.409666;4.046119;-15.969898;,
  -4.940552;2.956699;-15.532085;,
  -5.435905;2.899242;-15.864866;,
  -5.356874;2.141518;-15.882518;,
  -5.477498;2.504970;-15.488405;,
  -5.235434;2.869219;-16.358915;,
  -5.283311;4.212314;-16.368078;,
  -5.239545;4.230242;-16.543026;,
  -4.427325;2.117612;-15.855776;,
  -4.602182;4.212533;-16.610853;,
  -4.402885;2.869584;-16.097278;,
  -4.368901;2.476427;-15.436955;,
  -4.329522;3.011908;-15.699866;,
  -5.435905;2.899242;-15.864866;,
  -5.283311;4.212314;-16.368078;,
  -4.479096;4.256468;-16.223453;,
  -5.477498;2.504970;-15.488405;,
  1.933915;9.516526;-15.406893;,
  2.797684;8.880327;-14.965334;,
  2.058419;8.538642;-15.193683;,
  2.479336;9.904843;-15.159322;,
  1.837592;8.615070;-15.041510;,
  1.720310;9.501559;-15.282565;,
  2.286470;9.919467;-15.009018;,
  2.844033;10.264262;-14.697069;,
  2.779800;10.340024;-14.475918;,
  2.787122;8.889932;-14.116821;,
  2.339375;9.036908;-14.711994;,
  2.431084;8.244435;-14.266192;,
  2.761705;9.346986;-14.201573;,
  3.121510;9.218767;-14.480438;,
  3.095881;8.387550;-14.247216;,
  2.857615;8.049151;-14.574387;,
  2.307330;7.884086;-14.713488;,
  1.889541;8.115045;-14.552570;,
  2.286470;9.919467;-15.009018;,
  1.720310;9.501559;-15.282565;,
  1.837592;8.615070;-15.041510;,
  1.889541;8.115045;-14.552570;,
  -6.402104;4.298191;-16.663418;,
  -7.431633;4.195024;-16.334211;,
  -6.258348;4.311129;-16.313267;,
  -6.424104;2.707815;-16.153222;,
  -7.373029;4.183320;-16.545496;,
  -7.344970;2.719071;-16.221227;,
  -7.532379;2.860425;-15.866435;,
  -7.410184;1.911487;-15.751930;,
  -7.557827;2.319396;-15.364502;,
  -6.411714;1.899196;-15.709101;,
  -6.311244;2.294041;-15.345339;,
  -6.258657;2.925213;-15.679957;,
  -7.532379;2.860425;-15.866435;,
  -7.431633;4.195024;-16.334211;,
  -7.557827;2.319396;-15.364502;,
  0.708606;4.152217;-15.543056;,
  0.189628;3.921985;-15.309221;,
  0.781246;4.111198;-15.249149;,
  0.884088;3.255431;-15.300368;,
  0.221236;3.961444;-15.483304;,
  0.407726;3.167917;-15.378613;,
  0.294440;3.152742;-15.074965;,
  0.468954;2.667899;-15.083362;,
  0.344870;2.785564;-14.722021;,
  0.985473;2.768395;-15.024022;,
  0.990917;2.912264;-14.677350;,
  0.943897;3.297362;-14.881538;,
  0.294440;3.152742;-15.074965;,
  0.189628;3.921985;-15.309221;,
  0.344870;2.785564;-14.722021;,
  4.376412;4.086011;-15.327616;,
  3.763775;4.106649;-15.291925;,
  4.325120;4.017294;-15.034381;,
  4.074558;3.203085;-15.175160;,
  3.863837;4.128254;-15.441531;,
  3.659198;3.333305;-15.401485;,
  3.457500;3.369341;-15.149917;,
  3.407552;2.857070;-15.176064;,
  3.232891;3.017230;-14.854114;,
  3.868579;2.720910;-14.953963;,
  3.819595;2.847824;-14.604101;,
  4.005940;3.214545;-14.755739;,
  3.457500;3.369341;-15.149917;,
  3.763775;4.106649;-15.291925;,
  3.232891;3.017230;-14.854114;,
  2.737539;2.959769;-15.186896;,
  2.816570;2.202046;-15.204549;,
  2.695945;2.565497;-14.810434;,
  2.938011;2.929746;-15.680946;,
  2.890135;4.272843;-15.690104;,
  2.933900;4.290771;-15.865053;,
  3.746119;2.178140;-15.177805;,
  3.571265;4.273063;-15.932878;,
  3.770559;2.930113;-15.419309;,
  3.804541;2.536955;-14.758987;,
  3.843922;3.072435;-15.021896;,
  2.737539;2.959769;-15.186896;,
  2.890135;4.272843;-15.690104;,
  3.694348;4.316998;-15.545482;,
  2.695945;2.565497;-14.810434;,
  2.910141;10.939773;-14.973779;,
  3.646885;10.339983;-14.307990;,
  3.113880;9.960556;-14.844035;,
  3.250884;11.339279;-14.490192;,
  2.842985;9.983670;-14.782045;,
  2.671801;10.879141;-14.945034;,
  3.016864;11.305469;-14.426202;,
  3.352544;11.652644;-13.884117;,
  3.199549;11.681117;-13.698226;,
  3.323836;10.201293;-13.535598;,
  3.107967;10.396784;-14.236662;,
  3.164369;9.554916;-13.885606;,
  3.253098;10.660150;-13.569870;,
  3.706480;10.624224;-13.699562;,
  3.740406;9.767806;-13.592930;,
  3.701060;9.466110;-14.023923;,
  3.277604;9.265662;-14.384357;,
  2.796878;9.415860;-14.373085;,
  3.016864;11.305469;-14.426202;,
  2.671801;10.879141;-14.945034;,
  2.842985;9.983670;-14.782045;,
  2.796878;9.415860;-14.373085;,
  1.771340;4.358721;-15.985451;,
  0.741811;4.255554;-15.656245;,
  1.915097;4.371661;-15.635299;,
  1.749339;2.768346;-15.475258;,
  0.800416;4.243850;-15.867530;,
  0.828476;2.779598;-15.543261;,
  0.641064;2.920954;-15.188470;,
  0.763258;1.972014;-15.073966;,
  0.615616;2.379924;-14.686538;,
  1.761729;1.959726;-15.031138;,
  1.862198;2.354570;-14.667373;,
  1.914785;2.985743;-15.001990;,
  0.641064;2.920954;-15.188470;,
  0.741811;4.255554;-15.656245;,
  0.615616;2.379924;-14.686538;,
  2.656014;11.462700;-12.782395;,
  2.664531;12.112421;-13.174946;,
  2.759885;11.263762;-13.500291;,
  2.512546;11.820676;-12.521632;,
  2.980221;11.834682;-12.452712;,
  3.143232;11.147850;-12.950373;,
  3.194293;12.061543;-13.050405;,
  3.317326;11.236873;-13.440363;,
  3.094945;11.391681;-13.965709;,
  2.968261;12.223174;-13.849272;,
  2.621010;11.544186;-14.042597;,
  2.693914;12.226739;-13.899094;,
  2.633521;13.032279;-13.348766;,
  2.697804;12.942749;-12.643487;,
  2.417150;12.995742;-13.463467;,
  2.467780;12.900336;-12.716242;,
  2.517329;12.733547;-12.011405;,
  2.306642;12.641786;-11.934180;,
  2.467780;12.900336;-12.716242;,
  2.417150;12.995742;-13.463467;,
  2.693914;12.226739;-13.899094;,
  2.621010;11.544186;-14.042597;,
  -9.334910;12.098762;-9.539737;,
  -9.475709;12.344933;-10.082117;,
  -9.656862;12.258266;-10.128833;,
  -9.204978;12.188479;-9.592614;,
  -8.834472;11.926578;-9.162630;,
  -8.700478;11.992185;-9.300170;,
  -9.362406;10.553314;-10.455333;,
  -9.298586;11.261680;-9.701714;,
  -9.639116;11.383011;-10.331614;,
  -9.080978;10.307171;-10.035954;,
  -8.540041;10.430020;-9.734997;,
  -8.671267;11.264373;-9.348318;,
  -8.261866;10.741289;-9.821324;,
  -8.489378;11.327616;-9.451221;,
  -8.700478;11.992185;-9.300170;,
  -9.096036;10.885340;-10.643703;,
  -9.300857;11.549006;-10.532715;,
  -9.537964;12.177474;-10.340981;,
  -9.475709;12.344933;-10.082117;,
  -9.204978;12.188479;-9.592614;,
  -8.948890;11.348217;-9.985900;,
  -8.705356;10.638006;-10.240119;,
  -8.261866;10.741289;-9.821324;,
  -8.489378;11.327616;-9.451221;,
  -8.700478;11.992185;-9.300170;,
