xof 0303txt 0032
template ColorRGBA {
 <35ff44e0-6c7c-11cf-8f52-0040333594a3>
 FLOAT red;
 FLOAT green;
 FLOAT blue;
 FLOAT alpha;
}

template ColorRGB {
 <d3e16e81-7835-11cf-8f52-0040333594a3>
 FLOAT red;
 FLOAT green;
 FLOAT blue;
}

template Material {
 <3d82ab4d-62da-11cf-ab39-0020af71e433>
 ColorRGBA faceColor;
 FLOAT power;
 ColorRGB specularColor;
 ColorRGB emissiveColor;
 [...]
}

template TextureFilename {
 <a42790e1-7810-11cf-8f52-0040333594a3>
 STRING filename;
}

template Frame {
 <3d82ab46-62da-11cf-ab39-0020af71e433>
 [...]
}

template Matrix4x4 {
 <f6f23f45-7686-11cf-8f52-0040333594a3>
 array FLOAT matrix[16];
}

template FrameTransformMatrix {
 <f6f23f41-7686-11cf-8f52-0040333594a3>
 Matrix4x4 frameMatrix;
}

template Vector {
 <3d82ab5e-62da-11cf-ab39-0020af71e433>
 FLOAT x;
 FLOAT y;
 FLOAT z;
}

template MeshFace {
 <3d82ab5f-62da-11cf-ab39-0020af71e433>
 DWORD nFaceVertexIndices;
 array DWORD faceVertexIndices[nFaceVertexIndices];
}

template Mesh {
 <3d82ab44-62da-11cf-ab39-0020af71e433>
 DWORD nVertices;
 array Vector vertices[nVertices];
 DWORD nFaces;
 array MeshFace faces[nFaces];
 [...]
}

template MeshNormals {
 <f6f23f43-7686-11cf-8f52-0040333594a3>
 DWORD nNormals;
 array Vector normals[nNormals];
 DWORD nFaceNormals;
 array MeshFace faceNormals[nFaceNormals];
}

template MeshMaterialList {
 <f6f23f42-7686-11cf-8f52-0040333594a3>
 DWORD nMaterials;
 DWORD nFaceIndexes;
 array DWORD faceIndexes[nFaceIndexes];
 [Material <3d82ab4d-62da-11cf-ab39-0020af71e433>]
}

template Coords2d {
 <f6f23f44-7686-11cf-8f52-0040333594a3>
 FLOAT u;
 FLOAT v;
}

template MeshTextureCoords {
 <f6f23f40-7686-11cf-8f52-0040333594a3>
 DWORD nTextureCoords;
 array Coords2d textureCoords[nTextureCoords];
}

template XSkinMeshHeader {
 <3cf169ce-ff7c-44ab-93c0-f78f62d172e2>
 WORD nMaxSkinWeightsPerVertex;
 WORD nMaxSkinWeightsPerFace;
 WORD nBones;
}

template SkinWeights {
 <6f0d123b-bad2-4167-a0d0-80224f25fabb>
 STRING transformNodeName;
 DWORD nWeights;
 array DWORD vertexIndices[nWeights];
 array FLOAT weights[nWeights];
 Matrix4x4 matrixOffset;
}

template AnimTicksPerSecond {
 <9e415a43-7ba6-4a73-8743-b73d47e88476>
 DWORD AnimTicksPerSecond;
}

template Animation {
 <3d82ab4f-62da-11cf-ab39-0020af71e433>
 [...]
}

template AnimationSet {
 <3d82ab50-62da-11cf-ab39-0020af71e433>
 [Animation <3d82ab4f-62da-11cf-ab39-0020af71e433>]
}

template FloatKeys {
 <10dd46a9-775b-11cf-8f52-0040333594a3>
 DWORD nValues;
 array FLOAT values[nValues];
}

template TimedFloatKeys {
 <f406b180-7b3b-11cf-8f52-0040333594a3>
 DWORD time;
 FloatKeys tfkeys;
}

template AnimationKey {
 <10dd46a8-775b-11cf-8f52-0040333594a3>
 DWORD keyType;
 DWORD nKeys;
 array TimedFloatKeys keys[nKeys];
}


Material Material__190 {
 1.000000;1.000000;1.000000;1.000000;;
 10.000000;
 0.000000;0.000000;0.000000;;
 0.000000;0.000000;0.000000;;

 TextureFilename {
  "PrimalBeast_Dif.tga";
 }
}

Frame Root {
 

 FrameTransformMatrix {
  1.000000,0.000000,-0.000000,0.000000,0.000000,1.000000,0.000000,0.000000,0.000000,0.000000,1.000000,0.000000,0.000000,0.000000,0.000001,1.000000;;
 }

 Frame Hips {
  

  FrameTransformMatrix {
   0.968996,-0.095156,0.228016,0.000000,0.247073,0.369814,-0.895652,0.000000,0.000903,0.924220,0.381859,0.000000,-0.000000,0.907277,-0.000000,1.000000;;
  }

  Frame Spine1 {
   

   FrameTransformMatrix {
    0.962110,0.226747,-0.151425,0.000000,-0.137797,-0.074862,-0.987627,0.000000,-0.235278,0.971072,-0.040781,0.000000,0.000000,0.392995,0.016472,1.000000;;
   }

   Frame Spine2 {
    

    FrameTransformMatrix {
     0.984244,0.153775,0.087279,0.000000,0.077213,-0.817853,0.570224,0.000000,0.159067,-0.554500,-0.816840,0.000000,0.000000,0.000000,0.393340,1.000000;;
    }

    Frame Neck {
     

     FrameTransformMatrix {
      -0.094329,0.955083,-0.280924,0.000000,0.002791,0.282435,0.959282,0.000000,0.995537,0.089704,-0.029307,0.000000,-0.000009,0.146013,-0.492915,1.000000;;
     }

     Frame Head {
      

      FrameTransformMatrix {
       0.569249,-0.803520,-0.174104,0.000000,0.822140,0.554641,0.128297,0.000000,-0.006524,-0.216170,0.976334,0.000000,-0.105906,-0.259256,0.000000,1.000000;;
      }

      Frame RJaw {
       

       FrameTransformMatrix {
        0.968856,-0.247623,-0.001324,0.000000,-0.247623,-0.968857,0.000167,0.000000,-0.001323,0.000166,-1.000000,0.000000,-0.161886,-0.093641,-0.109127,1.000000;;
       }
      }

      Frame LJaw {
       

       FrameTransformMatrix {
        0.968849,-0.247654,0.000248,0.000000,0.247654,0.968849,0.000031,0.000000,-0.000248,0.000031,1.000000,0.000000,-0.161886,-0.093641,0.109127,1.000000;;
       }
      }
     }
    }

    Frame LClav {
     

     FrameTransformMatrix {
      0.130735,0.943721,-0.303810,0.000000,-0.418799,-0.225188,-0.879715,0.000000,-0.898619,0.242244,0.365789,0.000000,0.214963,0.177600,-0.047651,1.000000;;
     }

     Frame lShoulder2 {
      

      FrameTransformMatrix {
       -0.935814,-0.241344,0.256914,0.000000,0.280333,-0.951416,0.127362,0.000000,0.213694,0.191209,0.958005,0.000000,0.030376,-0.256873,-0.395545,1.000000;;
      }

      Frame lElbow2 {
       

       FrameTransformMatrix {
        0.881061,-0.472735,-0.015906,0.000000,0.236694,0.469754,-0.850475,0.000000,0.409520,0.745556,0.525775,0.000000,0.000015,0.000002,-0.735048,1.000000;;
       }

       Frame lHand2 {
        

        FrameTransformMatrix {
         0.917592,0.378244,-0.122296,0.000000,-0.349743,0.914383,0.203921,0.000000,0.188958,-0.144344,0.971319,0.000000,0.000016,-0.000022,-0.901032,1.000000;;
        }

        Frame lthumb11 {
         

         FrameTransformMatrix {
          0.911214,-0.233811,0.339150,0.000000,0.411441,0.476270,-0.777099,0.000000,0.020168,0.847643,0.530183,0.000000,0.099981,-0.176160,-0.177879,1.000000;;
         }

         Frame lthumb12 {
          

          FrameTransformMatrix {
           0.999997,-0.001568,0.001543,0.000000,-0.000615,0.474058,0.880493,0.000000,-0.002113,-0.880492,0.474056,0.000000,-0.000000,-0.000000,-0.243316,1.000000;;
          }
         }
        }

        Frame lFinger11 {
         

         FrameTransformMatrix {
          0.313504,-0.320406,-0.893899,0.000000,-0.055506,0.933563,-0.354090,0.000000,0.947963,0.160625,0.274892,0.000000,-0.064019,-0.114158,-0.401572,1.000000;;
         }

         Frame lFinger12 {
          

          FrameTransformMatrix {
           0.695604,-0.040829,0.717264,0.000000,-0.138702,0.971968,0.189841,0.000000,-0.704909,-0.231540,0.670442,0.000000,-0.000000,-0.000000,-0.231478,1.000000;;
          }

          Frame lFinger13 {
           

           FrameTransformMatrix {
            0.733238,-0.000000,0.679972,0.000000,0.000000,1.000000,0.000000,0.000000,-0.679972,-0.000000,0.733238,0.000000,-0.000000,0.000000,-0.152021,1.000000;;
           }
          }
         }
        }

        Frame lFinger21 {
         

         FrameTransformMatrix {
          0.676323,0.115812,-0.727444,0.000000,0.087170,0.968040,0.235160,0.000000,0.731429,-0.222456,0.644613,0.000000,-0.069480,0.079421,-0.399962,1.000000;;
         }

         Frame lFinger22 {
          

          FrameTransformMatrix {
           0.813868,0.000552,0.581050,0.000000,0.006086,0.999937,-0.009475,0.000000,-0.581018,0.011248,0.813813,0.000000,-0.000001,0.000000,-0.270128,1.000000;;
          }

          Frame lFinger23 {
           

           FrameTransformMatrix {
            0.816240,0.000000,0.577714,0.000000,0.000000,1.000000,-0.000000,0.000000,-0.577714,0.000000,0.816239,0.000000,-0.000038,-0.000001,-0.109195,1.000000;;
           }
          }
         }
        }

        Frame lthumb21 {
         

         FrameTransformMatrix {
          0.792321,0.336593,0.508854,0.000000,-0.555019,0.051326,0.830253,0.000000,0.253339,-0.940250,0.227482,0.000000,0.034474,0.213296,-0.287385,1.000000;;
         }

         Frame lthumb22 {
          

          FrameTransformMatrix {
           0.999998,-0.001291,-0.001456,0.000000,-0.000417,0.588706,-0.808347,0.000000,0.001901,0.808346,0.588705,0.000000,0.000000,0.000000,-0.149888,1.000000;;
          }
         }
        }
       }
      }
     }

     Frame lShoulder1 {
      

      FrameTransformMatrix {
       -0.842925,0.307800,-0.441291,0.000000,0.185846,-0.603142,-0.775681,0.000000,-0.504915,-0.735853,0.451200,0.000000,-0.030375,0.256874,-0.274862,1.000000;;
      }

      Frame lElbow1 {
       

       FrameTransformMatrix {
        0.693232,0.074975,-0.716804,0.000000,-0.655969,-0.346363,-0.670625,0.000000,-0.298555,0.935100,-0.190928,0.000000,-0.000027,0.000022,-0.703712,1.000000;;
       }

       Frame lHand1 {
        

        FrameTransformMatrix {
         0.158349,-0.823400,-0.544920,0.000000,0.969480,0.234273,-0.072275,0.000000,0.187172,-0.516845,0.835367,0.000000,0.000000,0.000000,-0.767797,1.000000;;
        }

        Frame lthumb31 {
         

         FrameTransformMatrix {
          0.948749,-0.233344,0.213131,0.000000,0.306275,0.845161,-0.438062,0.000000,-0.077911,0.480887,0.873314,0.000000,0.122207,-0.174931,-0.191163,1.000000;;
         }

         Frame lthumb32 {
          

          FrameTransformMatrix {
           0.999998,-0.001300,0.001459,0.000000,-0.000422,0.585255,0.810850,0.000000,-0.001908,-0.810849,0.585253,0.000000,-0.000000,-0.000000,-0.243315,1.000000;;
          }
         }
        }

        Frame lFinger31 {
         

         FrameTransformMatrix {
          0.204705,0.071218,0.976229,0.000000,0.071043,0.993638,-0.087385,0.000000,-0.976242,0.087243,0.198343,0.000000,-0.071606,-0.115026,-0.390658,1.000000;;
         }

         Frame lFinger32 {
          

          FrameTransformMatrix {
           0.063732,-0.045889,0.996911,0.000000,-0.026858,0.998502,0.047680,0.000000,-0.997606,-0.029814,0.062404,0.000000,-0.000077,-0.000022,-0.231478,1.000000;;
          }

          Frame lFinger33 {
           

           FrameTransformMatrix {
            -0.283497,0.011612,0.958903,0.000000,-0.005479,0.999891,-0.013728,0.000000,-0.958958,-0.009145,-0.283402,0.000000,-0.000000,-0.000000,-0.140751,1.000000;;
           }
          }
         }
        }

        Frame lFinger41 {
         

         FrameTransformMatrix {
          -0.007511,0.098651,0.995094,0.000000,0.094015,0.990784,-0.097514,0.000000,-0.995542,0.092821,-0.016717,0.000000,-0.085904,0.077875,-0.389963,1.000000;;
         }

         Frame lFinger42 {
          

          FrameTransformMatrix {
           0.314909,0.037812,0.948368,0.000000,0.042290,0.997655,-0.053820,0.000000,-0.948179,0.057055,0.312572,0.000000,0.000000,-0.000000,-0.261166,1.000000;;
          }

          Frame lFinger43 {
           

           FrameTransformMatrix {
            -0.020632,-0.048331,0.998618,0.000000,-0.000523,0.998831,0.048330,0.000000,-0.999787,0.000475,-0.020633,0.000000,-0.000052,-0.000009,-0.106787,1.000000;;
           }
          }
         }
        }

        Frame lthumb41 {
         

         FrameTransformMatrix {
          0.855250,0.340146,0.390958,0.000000,-0.215094,0.919380,-0.329356,0.000000,-0.471467,0.197589,0.859463,0.000000,0.035300,0.212889,-0.294634,1.000000;;
         }

         Frame lthumb42 {
          

          FrameTransformMatrix {
           0.999999,-0.001230,-0.000380,0.000000,-0.000510,-0.107302,-0.994226,0.000000,0.001183,0.994226,-0.107303,0.000000,-0.000001,0.000000,-0.149888,1.000000;;
          }
         }
        }
       }
      }
     }
    }

    Frame RClav {
     

     FrameTransformMatrix {
      -0.178631,0.968882,-0.171341,0.000000,-0.414382,0.083862,0.906231,0.000000,0.892400,0.232882,0.386507,0.000000,-0.214963,0.177601,-0.047644,1.000000;;
     }

     Frame rShoulder2 {
      

      FrameTransformMatrix {
       -0.287580,0.104454,0.952044,0.000000,-0.853417,-0.479128,-0.205220,0.000000,0.434715,-0.871508,0.226931,0.000000,0.030376,0.256873,-0.395545,1.000000;;
      }

      Frame rElbow2 {
       

       FrameTransformMatrix {
        0.807246,0.589640,0.026065,0.000000,-0.450354,0.586810,0.672931,0.000000,0.381491,-0.554959,0.739246,0.000000,0.000000,-0.000000,-0.735046,1.000000;;
       }

       Frame rHand2 {
        

        FrameTransformMatrix {
         -0.216740,-0.727360,0.651131,0.000000,0.948082,0.002180,0.318020,0.000000,-0.232734,0.686252,0.689124,0.000000,-0.000000,-0.000000,-0.901028,1.000000;;
        }

        Frame rThumb11 {
         

         FrameTransformMatrix {
          0.692249,-0.608900,0.387341,0.000000,0.611463,0.209830,-0.762945,0.000000,0.383281,0.764992,0.517574,0.000000,0.034968,-0.212635,-0.287816,1.000000;;
         }

         Frame rThumb12 {
          

          FrameTransformMatrix {
           0.999998,-0.002039,0.000068,0.000000,0.001326,0.674790,0.738008,0.000000,-0.001551,-0.738006,0.674792,0.000000,0.000121,-0.001363,-0.149765,1.000000;;
          }
         }
        }

        Frame rThumb21 {
         

         FrameTransformMatrix {
          0.910557,0.236924,0.338753,0.000000,-0.409880,0.410977,0.814307,0.000000,0.053709,-0.880321,0.471328,0.000000,0.099258,0.176828,-0.177620,1.000000;;
         }

         Frame rThumb22 {
          

          FrameTransformMatrix {
           0.999997,-0.001976,0.001295,0.000000,0.002310,0.703533,-0.710658,0.000000,0.000493,0.710660,0.703536,0.000000,0.000594,-0.001638,-0.243563,1.000000;;
          }
         }
        }

        Frame rFinger11 {
         

         FrameTransformMatrix {
          0.235432,0.263735,-0.935423,0.000000,0.180031,0.933986,0.308641,0.000000,0.955071,-0.241069,0.172410,0.000000,-0.064704,0.114702,-0.401307,1.000000;;
         }

         Frame rFinger12 {
          

          FrameTransformMatrix {
           0.955044,-0.111800,0.274575,0.000000,0.165427,0.969540,-0.180628,0.000000,-0.246017,0.217930,0.944448,0.000000,0.000735,-0.001275,-0.231687,1.000000;;
          }

          Frame rFinger13 {
           

           FrameTransformMatrix {
            0.081571,-0.000000,0.996668,0.000000,-0.000000,1.000000,-0.000000,0.000000,-0.996668,-0.000000,0.081571,0.000000,-0.000001,0.000000,-0.152021,1.000000;;
           }
          }
         }
        }

        Frame rFinger21 {
         

         FrameTransformMatrix {
          0.395390,-0.042900,-0.917511,0.000000,-0.198580,0.971292,-0.130990,0.000000,0.896790,0.233991,0.375520,0.000000,-0.069517,-0.078895,-0.400059,1.000000;;
         }

         Frame rFinger22 {
          

          FrameTransformMatrix {
           0.924209,0.000154,0.381886,0.000000,-0.003295,0.999966,0.007570,0.000000,-0.381872,-0.008254,0.924178,0.000000,0.000258,-0.001167,-0.270070,1.000000;;
          }

          Frame rFinger23 {
           

           FrameTransformMatrix {
            0.853617,-0.000129,0.520901,0.000000,-0.000135,1.000000,0.000468,0.000000,-0.520901,-0.000469,0.853617,0.000000,-0.000000,-0.000000,-0.109195,1.000000;;
           }
          }
         }
        }
       }
      }
     }

     Frame rShoulder1 {
      

      FrameTransformMatrix {
       -0.855258,-0.517549,-0.026036,0.000000,0.198465,-0.373551,0.906130,0.000000,-0.478692,0.769807,0.422197,0.000000,-0.030374,-0.256873,-0.274862,1.000000;;
      }

      Frame rElbow1 {
       

       FrameTransformMatrix {
        0.658995,-0.053015,-0.750276,0.000000,0.719532,-0.246126,0.649381,0.000000,-0.219089,-0.967787,-0.124049,0.000000,0.000019,0.000017,-0.703713,1.000000;;
       }

       Frame rHand1 {
        

        FrameTransformMatrix {
         -0.438704,0.848403,0.296229,0.000000,-0.874601,-0.478831,0.076127,0.000000,0.206430,-0.225684,0.952079,0.000000,0.000000,0.000000,-0.767798,1.000000;;
        }

        Frame rThumb31 {
         

         FrameTransformMatrix {
          0.689817,-0.088467,0.718558,0.000000,-0.019097,0.989937,0.140211,0.000000,-0.723731,-0.110442,0.681187,0.000000,0.035474,-0.212673,-0.294769,1.000000;;
         }

         Frame rThumb32 {
          

          FrameTransformMatrix {
           0.999999,-0.001089,0.000594,0.000000,-0.000105,0.403040,0.915182,0.000000,-0.001236,-0.915182,0.403040,0.000000,-0.000024,-0.000435,-0.149861,1.000000;;
          }
         }
        }

        Frame rFinger31 {
         

         FrameTransformMatrix {
          0.592702,0.381721,0.709220,0.000000,-0.407982,0.901520,-0.144268,0.000000,-0.694446,-0.203841,0.690067,0.000000,-0.085840,-0.077696,-0.390011,1.000000;;
         }

         Frame rFinger32 {
          

          FrameTransformMatrix {
           -0.442645,0.084945,0.892664,0.000000,0.364261,0.926697,0.092443,0.000000,-0.819377,0.366082,-0.441140,0.000000,-0.000064,-0.000348,-0.261113,1.000000;;
          }

          Frame rFinger33 {
           

           FrameTransformMatrix {
            0.417492,-0.000000,0.908680,0.000000,0.000000,1.000000,0.000000,0.000000,-0.908681,0.000000,0.417492,0.000000,0.000001,0.000000,-0.106787,1.000000;;
           }
          }
         }
        }

        Frame rFinger41 {
         

         FrameTransformMatrix {
          0.448824,0.262602,0.854164,0.000000,-0.375728,0.922708,-0.086247,0.000000,-0.810793,-0.282224,0.512801,0.000000,-0.071699,0.115217,-0.390584,1.000000;;
         }

         Frame rFinger42 {
          

          FrameTransformMatrix {
           -0.325778,0.069091,0.942919,0.000000,0.033850,0.997539,-0.061398,0.000000,-0.944840,0.011915,-0.327315,0.000000,0.000066,-0.000357,-0.231506,1.000000;;
          }

          Frame rFinger43 {
           

           FrameTransformMatrix {
            0.178152,-0.000000,0.984003,0.000000,0.000000,1.000000,-0.000000,0.000000,-0.984003,-0.000000,0.178152,0.000000,0.000000,0.000000,-0.140751,1.000000;;
           }
          }
         }
        }

        Frame rThumb41 {
         

         FrameTransformMatrix {
          0.861361,0.462299,0.210563,0.000000,-0.506154,0.745803,0.433112,0.000000,0.043189,-0.479643,0.876400,0.000000,0.122064,0.175152,-0.191050,1.000000;;
         }

         Frame rThumb42 {
          

          FrameTransformMatrix {
           0.999998,-0.001310,-0.001630,0.000000,-0.002082,-0.696086,-0.717955,0.000000,-0.000195,0.717957,-0.696088,0.000000,0.000063,-0.000460,-0.243378,1.000000;;
          }
         }
        }
       }
      }
     }
    }
   }
  }

  Frame LThigh {
   

   FrameTransformMatrix {
    -0.925998,-0.364740,0.097424,0.000000,0.160049,-0.145550,0.976319,0.000000,-0.341923,0.919663,0.193155,0.000000,0.136183,-0.066781,-0.109414,1.000000;;
   }

   Frame lCalf {
    

    FrameTransformMatrix {
     0.781247,0.575616,0.241493,0.000000,-0.622940,0.743715,0.242557,0.000000,-0.039982,-0.339933,0.939600,0.000000,-0.000000,0.000000,-0.410844,1.000000;;
    }

    Frame LFoot {
     

     FrameTransformMatrix {
      0.827703,-0.557441,-0.064554,0.000000,0.361817,0.442197,0.820701,0.000000,-0.428947,-0.702653,0.567699,0.000000,-0.000306,-0.000168,-0.326991,1.000000;;
     }

     Frame LToe {
      

      FrameTransformMatrix {
       -0.988308,0.068368,-0.136285,0.000000,0.044456,0.984208,0.171342,0.000000,0.145848,0.163280,-0.975740,0.000000,-0.002579,-0.126075,-0.164592,1.000000;;
      }
     }
    }
   }
  }

  Frame RThigh {
   

   FrameTransformMatrix {
    0.892897,0.442954,0.080784,0.000000,-0.338532,0.542146,0.769074,0.000000,0.296867,-0.714052,0.634035,0.000000,-0.136183,-0.066782,-0.109414,1.000000;;
   }

   Frame rCalf {
    

    FrameTransformMatrix {
     0.747381,-0.422621,0.512653,0.000000,0.661325,0.547312,-0.512932,0.000000,-0.063805,0.722386,0.688540,0.000000,-0.000000,-0.000000,-0.410844,1.000000;;
    }

    Frame RFoot {
     

     FrameTransformMatrix {
      0.746023,0.428541,-0.509708,0.000000,-0.579901,0.794347,-0.180906,0.000000,0.327359,0.430540,0.841113,0.000000,0.000292,-0.000135,-0.327190,1.000000;;
     }

     Frame RToe {
      

      FrameTransformMatrix {
       -0.988447,-0.064699,-0.137065,0.000000,-0.061446,0.997722,-0.027841,0.000000,0.138554,-0.019097,-0.990171,0.000000,-0.002421,0.126019,-0.164605,1.000000;;
      }
     }
    }
   }
  }
 }
}

Frame Skel_PrimalBeast {
 

 FrameTransformMatrix {
  1.000000,0.000000,-0.000000,0.000000,0.000000,1.000000,0.000000,0.000000,0.000000,0.000000,1.000000,0.000000,0.000000,0.000000,0.000000,1.000000;;
 }

 Mesh Skel_PrimalBeast {
  5649;
  0.380089;0.010001;-0.131800;,
  0.400188;0.009300;-0.149657;,
  0.388986;0.006045;-0.128992;,
  0.264288;1.441681;-0.383831;,
  0.141482;1.350997;-0.422460;,
  0.153298;1.427683;-0.449145;,
  0.286226;1.458895;-0.455639;,
  0.345479;1.476271;-0.397052;,
  0.264288;1.441681;-0.383831;,
  0.286226;1.458895;-0.455639;,
  0.357644;1.619997;-0.410654;,
  0.392836;1.544230;-0.354410;,
  0.169914;1.538640;-0.524240;,
  0.282467;1.578958;-0.477537;,
  0.169914;1.538640;-0.524240;,
  0.286226;1.458895;-0.455639;,
  0.169903;1.462955;-0.505226;,
  0.040976;1.449259;-0.480986;,
  0.031910;1.358338;-0.449814;,
  0.141482;1.350997;-0.422460;,
  0.115174;1.287812;-0.392495;,
  0.206594;1.286446;-0.330256;,
  0.247242;1.344757;-0.348994;,
  0.141482;1.350997;-0.422460;,
  0.264288;1.441681;-0.383831;,
  0.247242;1.344757;-0.348994;,
  0.042538;1.468998;-0.513666;,
  0.044562;1.550227;-0.535399;,
  0.162551;1.638991;-0.517769;,
  0.025361;1.274544;-0.391924;,
  0.097577;1.261498;-0.362511;,
  0.181119;1.267207;-0.307373;,
  0.260609;1.268658;-0.258298;,
  0.300556;1.353583;-0.285791;,
  0.329428;1.467727;-0.335632;,
  0.372392;1.522271;-0.314566;,
  0.387884;1.417138;-0.230279;,
  0.387884;1.417138;-0.230279;,
  0.300556;1.353583;-0.285791;,
  0.329428;1.467727;-0.335632;,
  0.364018;1.323189;-0.236994;,
  0.416140;1.414125;-0.186632;,
  0.361553;1.329673;-0.191414;,
  0.428831;1.441941;-0.201054;,
  0.439905;1.481795;-0.206096;,
  0.405987;1.566109;-0.297422;,
  0.342616;1.252688;-0.158741;,
  0.270764;1.210266;-0.173679;,
  0.233298;1.240806;-0.232357;,
  0.387952;1.304466;-0.085906;,
  0.423742;1.405241;-0.144675;,
  0.452034;1.421341;-0.140413;,
  0.470692;1.483684;-0.127381;,
  0.485236;1.432446;-0.060354;,
  0.524955;1.492034;-0.061053;,
  0.449136;1.372640;-0.063585;,
  0.547792;1.603553;0.113610;,
  0.548872;1.588344;0.087895;,
  0.578423;1.650806;0.115036;,
  0.505806;1.502621;0.119777;,
  0.523058;1.522062;0.049548;,
  0.495268;1.446259;0.100234;,
  0.444999;1.352988;0.063963;,
  0.385525;1.281236;0.024761;,
  0.449136;1.372640;-0.063585;,
  0.387952;1.304466;-0.085906;,
  0.338534;1.254199;-0.075382;,
  0.340892;1.243417;-0.021433;,
  0.288953;1.199408;-0.075189;,
  0.342616;1.252688;-0.158741;,
  0.270764;1.210266;-0.173679;,
  0.265075;1.131295;-0.104119;,
  0.209255;1.144047;-0.206376;,
  0.164231;1.188483;-0.310897;,
  0.139554;1.133524;-0.284284;,
  0.087366;1.189014;-0.350569;,
  0.078249;1.133881;-0.311431;,
  0.240775;1.049356;-0.125827;,
  0.073731;1.119534;-0.289283;,
  0.020632;1.145171;-0.323198;,
  0.015838;1.201928;-0.349862;,
  0.364018;1.323189;-0.236994;,
  0.132953;1.116241;-0.269929;,
  0.179323;1.044888;-0.189236;,
  0.132215;1.049864;-0.249935;,
  0.070090;1.045411;-0.282204;,
  -0.000000;1.050391;-0.293670;,
  -0.000000;1.141372;-0.292307;,
  -0.000000;1.201923;-0.332459;,
  0.000000;0.963872;-0.273590;,
  0.066601;0.970153;-0.267917;,
  0.127471;1.004647;-0.230075;,
  0.026271;1.296748;-0.429189;,
  -0.000000;1.291389;-0.401658;,
  -0.000000;1.362358;-0.442414;,
  0.214699;1.738551;-0.542706;,
  0.143404;1.676029;-0.576645;,
  0.041082;1.614781;-0.536533;,
  -0.000000;1.558948;-0.511108;,
  -0.000000;1.467438;-0.477969;,
  0.032966;1.630739;-0.607350;,
  0.180339;1.734951;-0.647686;,
  0.123162;1.674527;-0.668743;,
  0.046812;1.605672;-0.683755;,
  -0.000000;1.582663;-0.674052;,
  0.000000;1.628625;-0.610009;,
  -0.000000;1.620610;-0.536816;,
  0.288806;1.830957;-0.489598;,
  0.273393;1.857602;-0.558104;,
  0.305511;1.971145;-0.436051;,
  0.273393;1.857602;-0.558104;,
  0.211876;2.006937;-0.515898;,
  0.211299;1.913382;-0.586731;,
  0.199029;1.849394;-0.629317;,
  0.220964;1.809702;-0.618819;,
  0.185938;1.777192;-0.660272;,
  0.210144;1.775121;-0.602325;,
  0.291006;1.726671;-0.451865;,
  0.239803;1.723543;-0.476101;,
  0.259238;1.797125;-0.530888;,
  0.414570;1.579870;-0.331757;,
  0.384530;1.637910;-0.409701;,
  0.317107;1.729009;-0.431238;,
  0.293128;1.844791;-0.456774;,
  0.300458;1.955108;-0.405490;,
  0.188553;2.056194;-0.530459;,
  0.173590;2.088756;-0.561352;,
  0.124775;2.132926;-0.483867;,
  0.102364;2.129835;-0.523869;,
  0.074780;2.212443;-0.458515;,
  0.068171;2.168420;-0.534038;,
  -0.000000;2.167449;-0.524906;,
  -0.000000;2.206997;-0.446473;,
  0.119454;2.110611;-0.598612;,
  0.082031;2.106485;-0.590557;,
  0.050912;2.131088;-0.608513;,
  -0.000000;2.133228;-0.606133;,
  -0.000000;2.092796;-0.672801;,
  0.067836;2.077327;-0.662592;,
  0.053262;2.010074;-0.763559;,
  0.121788;2.078076;-0.674805;,
  0.193246;1.954917;-0.628999;,
  0.190406;2.045137;-0.613159;,
  0.198588;2.005358;-0.584646;,
  0.186865;2.011142;-0.676406;,
  0.175626;1.930132;-0.672472;,
  0.139643;1.965580;-0.778099;,
  0.203970;1.922351;-0.625447;,
  0.211299;1.913382;-0.586731;,
  0.211876;2.006937;-0.515898;,
  0.199029;1.849394;-0.629317;,
  0.185938;1.777192;-0.660272;,
  0.195519;1.862356;-0.668952;,
  0.157334;1.902711;-0.767950;,
  0.146669;1.912502;-0.766448;,
  0.101705;1.903997;-0.841181;,
  0.094085;1.922154;-0.846523;,
  0.094789;2.015904;-0.787547;,
  0.074190;1.945960;-0.853002;,
  0.067368;1.885257;-0.879800;,
  0.110413;1.888588;-0.885176;,
  -0.000000;2.017100;-0.765308;,
  -0.000000;1.948854;-0.847943;,
  0.055388;1.941400;-0.846213;,
  -0.000000;1.901410;-0.885976;,
  -0.000000;1.849014;-0.920376;,
  0.184140;1.799910;-0.701187;,
  0.174118;1.872974;-0.698690;,
  0.161211;1.856562;-0.763951;,
  0.134384;1.831400;-0.877248;,
  0.092209;1.845375;-0.923251;,
  0.051261;1.834848;-0.912326;,
  0.174618;1.742480;-0.717283;,
  0.154600;1.808768;-0.727920;,
  0.153067;1.828658;-0.764009;,
  0.115717;1.808245;-0.911916;,
  0.064081;1.773718;-0.953152;,
  0.120423;1.800679;-0.887123;,
  0.138805;1.770636;-0.785592;,
  0.151352;1.737947;-0.749874;,
  0.142461;1.691624;-0.757442;,
  0.136593;1.659619;-0.723972;,
  0.102091;1.588103;-0.776153;,
  0.112261;1.638775;-0.759283;,
  0.088697;1.591261;-0.764888;,
  0.064437;1.571219;-0.738557;,
  0.046812;1.605672;-0.683755;,
  0.123162;1.674527;-0.668743;,
  0.180339;1.734951;-0.647686;,
  0.063362;1.526993;-0.795605;,
  0.073390;1.557882;-0.774684;,
  0.026077;1.523116;-0.776774;,
  0.024758;1.531970;-0.793982;,
  -0.000000;1.524385;-0.777020;,
  -0.000000;1.542592;-0.748126;,
  -0.000000;1.582663;-0.674052;,
  -0.000000;1.531702;-0.792432;,
  0.081784;1.475703;-0.894362;,
  0.073445;1.459140;-0.929150;,
  0.095507;1.483272;-0.896142;,
  0.071963;1.485486;-0.894729;,
  0.082078;1.497190;-0.827818;,
  0.070233;1.506451;-0.830024;,
  0.085025;1.518708;-0.802148;,
  0.091632;1.551512;-0.784813;,
  0.109955;1.552893;-0.798288;,
  0.105383;1.521342;-0.837209;,
  0.120052;1.488429;-0.914479;,
  0.128382;1.517832;-0.867760;,
  0.116778;1.476654;-0.907231;,
  0.114530;1.451770;-0.954756;,
  0.112214;1.487606;-0.963751;,
  0.119671;1.512860;-0.928428;,
  0.131711;1.563983;-0.871912;,
  0.129313;1.546576;-0.814279;,
  0.119894;1.592246;-0.872697;,
  0.116313;1.567992;-0.888265;,
  0.109736;1.644066;-0.868812;,
  0.084370;1.684062;-0.918056;,
  0.103361;1.696012;-0.865137;,
  0.124739;1.643374;-0.855516;,
  0.129753;1.591848;-0.862637;,
  0.137132;1.592604;-0.832794;,
  0.111362;1.590123;-0.811809;,
  0.127310;1.642338;-0.773022;,
  0.116352;1.638271;-0.823518;,
  0.128519;1.643573;-0.844438;,
  0.110527;1.709355;-0.847316;,
  0.099270;1.732373;-0.897472;,
  0.121115;1.760360;-0.855742;,
  0.108471;1.723960;-0.868212;,
  0.125381;1.721917;-0.827354;,
  0.147201;1.693901;-0.766806;,
  0.092537;1.710631;-0.921241;,
  0.092855;1.755011;-0.925273;,
  0.093659;1.766703;-0.943178;,
  0.069553;1.723073;-0.961588;,
  0.022492;1.670686;-0.949562;,
  0.029310;1.681261;-0.971034;,
  0.044436;1.677035;-0.947974;,
  0.038190;1.694274;-0.957322;,
  0.058318;1.706073;-0.943541;,
  0.048018;1.706082;-0.970546;,
  0.051351;1.723512;-0.966940;,
  0.042284;1.776169;-0.949858;,
  -0.000000;1.784776;-0.961747;,
  -0.000000;1.730100;-0.983977;,
  0.033201;1.702587;-0.993072;,
  0.032027;1.681761;-0.991133;,
  0.011983;1.662820;-0.979301;,
  -0.000000;1.655504;-0.998029;,
  0.024507;1.641263;-0.980202;,
  -0.000000;1.661737;-0.991937;,
  -0.000000;1.687593;-0.998330;,
  0.037028;1.607831;-0.936899;,
  0.046198;1.600677;-0.950528;,
  0.052035;1.611569;-0.950726;,
  0.038675;1.603272;-0.967506;,
  0.038913;1.629934;-0.978595;,
  0.029234;1.609380;-0.993602;,
  0.027555;1.623337;-1.001670;,
  0.009791;1.649024;-1.001080;,
  -0.000000;1.648383;-1.003126;,
  -0.000000;1.622656;-1.011875;,
  0.036340;1.596600;-0.958887;,
  0.041490;1.586493;-0.946090;,
  0.023038;1.622052;-1.009385;,
  0.018547;1.611916;-0.994613;,
  0.025572;1.594465;-0.995544;,
  0.031048;1.587058;-0.975615;,
  0.015704;1.591412;-0.966165;,
  0.026023;1.599857;-0.951010;,
  0.016345;1.609257;-1.007332;,
  -0.000000;1.593957;-0.995991;,
  0.013249;1.587708;-0.987511;,
  -0.000000;1.589989;-0.985425;,
  -0.000000;1.591394;-0.968976;,
  0.025124;1.568702;-0.970639;,
  0.063719;1.664942;-0.949432;,
  0.057213;1.641099;-0.960707;,
  0.042460;1.647980;-0.960796;,
  0.077475;1.659944;-0.951097;,
  0.066899;1.652266;-0.939365;,
  0.094504;1.686960;-0.930446;,
  0.066070;1.630040;-0.924316;,
  0.067977;1.684491;-0.940820;,
  0.086759;1.689772;-0.949466;,
  0.073533;1.712635;-0.943043;,
  0.063390;1.701684;-0.935055;,
  -0.011152;1.558486;-0.837172;,
  0.037220;1.564115;-0.832607;,
  0.031813;1.554937;-0.850829;,
  -0.007107;1.568281;-0.821913;,
  0.034827;1.572704;-0.801970;,
  -0.002568;1.573494;-0.796449;,
  -0.046550;1.584600;-0.800731;,
  -0.050088;1.581525;-0.821744;,
  -0.051521;1.570044;-0.833598;,
  0.001594;1.577387;-0.769620;,
  0.039209;1.570997;-0.770284;,
  -0.040004;1.580030;-0.771392;,
  -0.070495;1.582785;-0.779543;,
  -0.074167;1.590406;-0.804236;,
  -0.088558;1.600536;-0.822095;,
  -0.091597;1.600131;-0.831483;,
  -0.090835;1.576277;-0.840628;,
  -0.055074;1.548524;-0.847953;,
  -0.014267;1.541777;-0.853538;,
  0.021693;1.535626;-0.868915;,
  0.024160;1.532092;-0.842405;,
  0.083613;1.526429;-0.863109;,
  0.080517;1.516338;-0.868793;,
  0.074884;1.522127;-0.832323;,
  0.079013;1.521180;-0.904566;,
  0.082545;1.554131;-0.875145;,
  0.083424;1.574993;-0.857124;,
  0.083946;1.592233;-0.847269;,
  0.084275;1.595230;-0.839908;,
  0.072389;1.588695;-0.815206;,
  0.071121;1.573494;-0.782143;,
  -0.015747;1.531557;-0.791571;,
  0.024580;1.525383;-0.816586;,
  0.029239;1.531580;-0.796251;,
  0.073872;1.530348;-0.807056;,
  0.072968;1.555293;-0.780785;,
  0.031912;1.555788;-0.762095;,
  -0.017176;1.556292;-0.760071;,
  -0.058966;1.558151;-0.772836;,
  -0.057340;1.528936;-0.800646;,
  -0.076082;1.553554;-0.785321;,
  -0.016006;1.536715;-0.841165;,
  -0.015583;1.528643;-0.838917;,
  -0.016076;1.524960;-0.815568;,
  -0.057545;1.521482;-0.827372;,
  -0.053596;1.525206;-0.854312;,
  -0.082741;1.535346;-0.812246;,
  -0.081810;1.521049;-0.842326;,
  -0.079598;1.514388;-0.875717;,
  -0.091546;1.547271;-0.853358;,
  -1.613040;0.413267;0.561847;,
  -1.619979;0.335432;0.551674;,
  -1.589613;0.335642;0.563101;,
  -1.590453;0.285079;0.553172;,
  -1.554319;0.298584;0.563661;,
  -1.549852;0.301353;0.497884;,
  -1.570271;0.340131;0.496717;,
  -1.613040;0.413267;0.561847;,
  -1.589613;0.335642;0.563101;,
  -1.607032;0.423038;0.500506;,
  -1.630448;0.416691;0.558127;,
  -1.612154;0.336890;0.503262;,
  -1.584520;0.287214;0.500594;,
  -1.549852;0.301353;0.497884;,
  -1.570271;0.340131;0.496717;,
  -1.607032;0.423038;0.500506;,
  -1.636423;0.428190;0.507068;,
  -1.545242;0.419320;-0.255498;,
  -1.552182;0.341485;-0.265671;,
  -1.521817;0.341695;-0.254243;,
  -1.522657;0.291132;-0.264173;,
  -1.486522;0.304637;-0.253683;,
  -1.482055;0.307406;-0.319461;,
  -1.502474;0.346184;-0.320628;,
  -1.539235;0.429091;-0.316838;,
  -1.562651;0.422744;-0.259218;,
  -1.544357;0.342942;-0.314082;,
  -1.516723;0.293266;-0.316750;,
  -1.482055;0.307406;-0.319461;,
  -1.502474;0.346184;-0.320628;,
  -1.539235;0.429091;-0.316838;,
  -1.568626;0.434242;-0.310277;,
  -1.222440;1.349795;0.913226;,
  -1.249958;1.301922;0.766881;,
  -1.275102;1.237467;0.857538;,
  -1.185355;1.407712;0.845893;,
  -1.245693;1.225107;0.877439;,
  -1.202976;1.329433;0.931145;,
  -1.161603;1.390224;0.860753;,
  -1.121141;1.440358;0.787057;,
  -1.089524;1.432488;0.784436;,
  -1.157072;1.253823;0.720501;,
  -1.195834;1.279626;0.811652;,
  -1.216608;1.205088;0.761837;,
  -1.131936;1.307253;0.741793;,
  -1.183470;1.328757;0.711004;,
  -1.226186;1.255777;0.685994;,
  -1.278446;1.224567;0.722798;,
  -1.287285;1.184580;0.791170;,
  -1.239066;1.177906;0.838541;,
  -1.161603;1.390224;0.860753;,
  -1.202976;1.329433;0.931145;,
  -1.245693;1.225107;0.877439;,
  -1.239066;1.177906;0.838541;,
  -1.622102;0.409169;0.746484;,
  -1.598719;0.386146;0.798382;,
  -1.592712;0.405067;0.739220;,
  -1.597834;0.319490;0.728936;,
  -1.616127;0.390092;0.795221;,
  -1.605658;0.310739;0.776572;,
  -1.575293;0.309222;0.787901;,
  -1.576133;0.260737;0.770449;,
  -1.539998;0.272504;0.782857;,
  -1.570199;0.270787;0.718797;,
  -1.535531;0.285174;0.718253;,
  -1.555950;0.323684;0.722955;,
  -1.575293;0.309222;0.787901;,
  -1.598719;0.386146;0.798382;,
  -1.539998;0.272504;0.782857;,
  -1.600559;0.402548;0.379703;,
  -1.596990;0.404612;0.440967;,
  -1.571235;0.395676;0.384832;,
  -1.585313;0.314256;0.409889;,
  -1.611950;0.406772;0.430961;,
  -1.607945;0.327278;0.451425;,
  -1.582789;0.330881;0.471594;,
  -1.585403;0.279654;0.476589;,
  -1.553209;0.295670;0.494055;,
  -1.563193;0.266038;0.430486;,
  -1.528207;0.278729;0.435385;,
  -1.543371;0.315402;0.416750;,
  -1.582789;0.330881;0.471594;,
  -1.596990;0.404612;0.440967;,
  -1.553209;0.295670;0.494055;,
  -1.586487;0.289924;0.543591;,
  -1.588252;0.214152;0.535687;,
  -1.548840;0.250497;0.547750;,
  -1.635891;0.286922;0.523543;,
  -1.636808;0.421231;0.528331;,
  -1.654303;0.423024;0.523955;,
  -1.585578;0.211761;0.442733;,
  -1.661085;0.421253;0.460218;,
  -1.609728;0.286958;0.440289;,
  -1.543695;0.247643;0.436890;,
  -1.569987;0.301191;0.432952;,
  -1.586487;0.289924;0.543591;,
  -1.636808;0.421231;0.528331;,
  -1.622345;0.425647;0.447910;,
  -1.548840;0.250497;0.547750;,
  -1.540689;0.951653;-0.193391;,
  -1.496534;0.888033;-0.279768;,
  -1.519368;0.853864;-0.205842;,
  -1.515932;0.990484;-0.247934;,
  -1.504151;0.861507;-0.183759;,
  -1.528257;0.950156;-0.172031;,
  -1.500902;0.991947;-0.228647;,
  -1.469707;1.026426;-0.284403;,
  -1.447592;1.034002;-0.277980;,
  -1.411682;0.888993;-0.278712;,
  -1.471199;0.903691;-0.233937;,
  -1.426619;0.824444;-0.243108;,
  -1.420157;0.934699;-0.276170;,
  -1.448044;0.921877;-0.312151;,
  -1.424722;0.838755;-0.309588;,
  -1.457439;0.804915;-0.285761;,
  -1.471349;0.788409;-0.230733;,
  -1.455257;0.811504;-0.188954;,
  -1.500902;0.991947;-0.228647;,
  -1.528257;0.950156;-0.172031;,
  -1.504151;0.861507;-0.183759;,
  -1.455257;0.811504;-0.188954;,
  -1.666342;0.429819;0.640210;,
  -1.633421;0.419502;0.743163;,
  -1.631327;0.431113;0.625835;,
  -1.615322;0.270781;0.642410;,
  -1.654550;0.418332;0.737303;,
  -1.622123;0.271907;0.734497;,
  -1.586644;0.286042;0.753238;,
  -1.575193;0.191149;0.741018;,
  -1.536450;0.231940;0.755783;,
  -1.570910;0.189920;0.641171;,
  -1.534534;0.229404;0.631124;,
  -1.567996;0.292521;0.625866;,
  -1.586644;0.286042;0.753238;,
  -1.633421;0.419502;0.743163;,
  -1.536450;0.231940;0.755783;,
  -1.554306;0.415222;-0.070861;,
  -1.530922;0.392198;-0.018963;,
  -1.524915;0.411120;-0.078125;,
  -1.530037;0.325543;-0.088409;,
  -1.548330;0.396144;-0.022123;,
  -1.537861;0.316792;-0.040773;,
  -1.507497;0.315274;-0.029444;,
  -1.508336;0.266790;-0.046895;,
  -1.472202;0.278556;-0.034487;,
  -1.502402;0.276840;-0.098547;,
  -1.467735;0.291226;-0.099092;,
  -1.488154;0.329736;-0.094390;,
  -1.507497;0.315274;-0.029444;,
  -1.530922;0.392198;-0.018963;,
  -1.472202;0.278556;-0.034487;,
  -1.532762;0.408601;-0.437641;,
  -1.529192;0.410665;-0.376377;,
  -1.503438;0.401729;-0.432512;,
  -1.517516;0.320309;-0.407456;,
  -1.544153;0.412825;-0.386384;,
  -1.540148;0.333331;-0.365920;,
  -1.514992;0.336934;-0.345750;,
  -1.517606;0.285707;-0.340755;,
  -1.485411;0.301723;-0.323289;,
  -1.495396;0.272091;-0.386858;,
  -1.460410;0.284782;-0.381959;,
  -1.475574;0.321455;-0.400594;,
  -1.514992;0.336934;-0.345750;,
  -1.529192;0.410665;-0.376377;,
  -1.485411;0.301723;-0.323289;,
  -1.518690;0.295977;-0.273754;,
  -1.520455;0.220205;-0.281657;,
  -1.481043;0.256550;-0.269594;,
  -1.568095;0.292975;-0.293801;,
  -1.569010;0.427284;-0.289013;,
  -1.586505;0.429077;-0.293390;,
  -1.517780;0.217814;-0.374612;,
  -1.593288;0.427306;-0.357126;,
  -1.541931;0.293011;-0.377056;,
  -1.475899;0.253696;-0.380454;,
  -1.502189;0.307244;-0.384392;,
  -1.518690;0.295977;-0.273754;,
  -1.569010;0.427284;-0.289013;,
  -1.554548;0.431700;-0.369435;,
  -1.481043;0.256550;-0.269594;,
  -1.497378;1.093977;-0.291014;,
  -1.430799;1.033998;-0.364688;,
  -1.484404;0.996056;-0.311388;,
  -1.449019;1.133928;-0.325088;,
  -1.478205;0.998367;-0.284298;,
  -1.494503;1.087914;-0.267180;,
  -1.442620;1.130547;-0.301686;,
  -1.388412;1.165264;-0.335254;,
  -1.369823;1.168112;-0.319955;,
  -1.353560;1.020129;-0.332384;,
  -1.423666;1.039678;-0.310797;,
  -1.388561;0.955492;-0.316437;,
  -1.356987;1.066015;-0.325310;,
  -1.369956;1.062422;-0.370648;,
  -1.359293;0.976781;-0.374041;,
  -1.402392;0.946611;-0.370106;,
  -1.438436;0.926566;-0.327760;,
  -1.437308;0.941586;-0.279688;,
  -1.442620;1.130547;-0.301686;,
  -1.494503;1.087914;-0.267180;,
  -1.478205;0.998367;-0.284298;,
  -1.437308;0.941586;-0.279688;,
  -1.598545;0.435872;-0.177134;,
  -1.565625;0.425555;-0.074181;,
  -1.563530;0.437166;-0.191510;,
  -1.547526;0.276835;-0.174934;,
  -1.586753;0.424385;-0.080042;,
  -1.554326;0.277960;-0.082848;,
  -1.518847;0.292095;-0.064106;,
  -1.507397;0.197201;-0.076326;,
  -1.468654;0.237992;-0.061561;,
  -1.503114;0.195973;-0.176173;,
  -1.466737;0.235457;-0.186220;,
  -1.500199;0.298574;-0.191478;,
  -1.518847;0.292095;-0.064106;,
  -1.565625;0.425555;-0.074181;,
  -1.468654;0.237992;-0.061561;,
  -1.278240;1.146270;-0.265601;,
  -1.317495;1.211242;-0.266453;,
  -1.350029;1.126376;-0.275988;,
  -1.252163;1.182068;-0.251255;,
  -1.245271;1.183468;-0.298022;,
  -1.295037;1.114785;-0.314323;,
  -1.305040;1.206154;-0.319429;,
  -1.344036;1.123687;-0.331733;,
  -1.396571;1.139168;-0.309494;,
  -1.384927;1.222317;-0.296826;,
  -1.404260;1.154419;-0.262101;,
  -1.389909;1.222674;-0.269391;,
  -1.334877;1.303228;-0.263352;,
  -1.264349;1.294275;-0.269780;,
  -1.346347;1.299574;-0.241715;,
  -1.271624;1.290034;-0.246778;,
  -1.201140;1.273355;-0.251733;,
  -1.193418;1.264179;-0.230664;,
  -1.271624;1.290034;-0.246778;,
  -1.346347;1.299574;-0.241715;,
  -1.389909;1.222674;-0.269391;,
  -1.404260;1.154419;-0.262101;,
  -0.953974;1.209876;0.933491;,
  -1.008212;1.234493;0.947571;,
  -1.012883;1.225827;0.965686;,
  -0.959261;1.218848;0.920498;,
  -0.916263;1.192658;0.883447;,
  -0.930017;1.199218;0.870048;,
  -1.045533;1.055331;0.936241;,
  -0.970171;1.126168;0.929859;,
  -1.033161;1.138301;0.963912;,
  -1.003595;1.030717;0.908098;,
  -0.973500;1.043002;0.854004;,
  -0.934832;1.126437;0.867127;,
  -0.982132;1.074129;0.826187;,
  -0.945122;1.132762;0.848938;,
  -0.930017;1.199218;0.870048;,
  -1.064370;1.088534;0.909604;,
  -1.053271;1.154901;0.930086;,
  -1.034098;1.217747;0.953796;,
  -1.008212;1.234493;0.947571;,
  -0.959261;1.218848;0.920498;,
  -0.998590;1.134822;0.894889;,
  -1.024012;1.063801;0.870536;,
  -0.982132;1.074129;0.826187;,
  -0.945122;1.132762;0.848938;,
  -0.930017;1.199218;0.870048;,
  -1.044273;1.073922;1.014514;,
  -1.094698;1.072509;1.049174;,
  -1.092635;1.055070;1.059978;,
  -1.054291;1.086366;1.009815;,
  -1.021070;1.094911;0.957558;,
  -1.038902;1.103285;0.952695;,
